2
7068	9736
7074	187847
2
14886	81813
19758	233539
2
8347	22151
8375	20244
2
18364	535720
18365	536235
2
5576	112494
5579	110318
2
7930	205459
19621	208560
2
4984	189643
4990	189614
2
16347	544581
16354	97597
2
10369	200348
11497	29843
2
14858	114055
17951	19578
2
11600	117901
11617	116247
2
8756	72326
17326	916626
2
9511	61625
14174	61608
2
4984	154118
4990	154119
2
12814	31310
12815	20429
2
13956	4870893
16572	764000
2
14886	175066
19758	326845
2
9259	46573
9263	40119
2
16420	26320
16442	97307
2
10177	137946
10179	138070
2
7198	179060
7199	179069
2
15048	224
15048	2901823
2
12712	3257
12716	101
2
18364	1999
18365	2000
2
4984	466710
4990	466224
2
6649	166583
20196	166830
2
23095	0
23096	0
2
8347	1909
8375	0
2
12937	413572
12938	413012
2
7708	184045
16765	10440
2
18364	468133
18365	468561
2
16346	197170
22927	189267
2
17942	57867
17945	1796318
2
11600	47549
11617	47486
2
8251	38275
17818	0
2
12937	42953
12938	42846
2
7930	211342
19621	214444
2
5801	24913
13487	23244
2
17942	147529
17945	1887571
2
18181	20069
18185	76394
2
7544	138630
17674	10604
2
17945	424308
17950	425521
2
18050	142338
18106	143842
2
6626	8428
23139	8226
2
17632	22234
17668	22035
2
9511	76856
14174	76838
2
7930	161417
19621	164508
2
17942	195313
17945	1935355
2
18050	431694
18106	433239
2
7544	225743
17674	96180
2
16317	64643
16344	65279
2
8347	97717
16656	12277
2
18049	216085
18103	51
2
9487	38859
9489	149777
2
14689	117899
14762	35574
2
18364	596491
18365	597006
2
19205	1027683
19213	151451
2
9511	136523
14174	136500
2
8341	0
8346	60376
2
18364	745767
18365	746357
2
11784	251209
11784	256523
2
9511	29323
14174	29312
2
6772	1502
19579	1467
2
9511	96511
14174	96492
2
5576	81613
5579	79413
2
7543	29061
7544	29144
2
9539	62664
14883	29179
2
11600	261576
11617	260070
2
18364	126613
18365	126670
2
12081	0
12083	28562
2
7198	54803
7199	54753
2
8756	60041
17326	904341
2
18364	453829
18365	454237
2
18049	234133
18103	18100
2
14886	29272
19758	180918
2
18049	178916
18107	11136
2
16307	69295
16317	69351
2
658	15032
659	14909
2
16751	234372
17567	230882
2
17449	2947
17454	209812
2
17759	95124
17770	94968
2
17619	130108
23286	129693
2
13762	13371
13955	23864
2
16346	242506
22927	234644
2
17280	257273
19916	7121
2
14886	159487
19758	311270
2
13058	27599
13059	27567
2
8756	100698
17326	945003
2
19794	70010
22247	69940
2
11600	288728
11617	287434
2
18885	31966
18888	32162
2
12937	424463
12938	423901
2
5801	3961
13487	2295
2
16347	522144
16354	75161
2
18033	110159
18035	109491
2
14858	98549
17951	4073
2
12895	38224
12908	38195
2
4984	114535
4990	114543
2
7543	35153
7544	35235
2
19534	48110
19980	48171
2
7615	12645
17945	1343313
2
15869	438
19864	10874
2
17290	82028
23212	81732
2
11600	380851
11617	380810
2
6626	184263
23139	184426
2
18050	787768
18105	293041
2
18364	681720
18365	682234
2
18364	197429
18365	197538
2
11229	47967
11233	36904
2
17942	85070
17945	1823591
2
14661	33291
14664	4784
3
5576	121801
5578	119580
5579	119623
3
16307	14593
16317	14641
16344	15282
2
16177	6267
22810	6497
2
5576	132937
5578	130713
3
16307	6788
16317	6834
16344	7476
2
13058	115630
13059	115334
2
16751	553981
17567	550443
2
10369	176975
11497	6474
2
17619	84737
23286	84305
2
4984	397223
4990	396912
2
11809	151060
11810	151966
2
6515	35
6516	0
2
11610	23
21719	123619
2
18861	2868902
18862	515724
2
5578	119386
5579	119429
2
15499	55803
15500	77374
2
10177	33014
10179	33009
2
9511	81721
14174	81703
2
15599	60140
15606	3264
2
18050	387284
18106	388812
2
18050	53509
18106	55010
2
17075	248692
17076	262544
2
16347	458422
16354	11431
2
13263	46358
13267	0
2
8347	67802
8432	17906
2
14763	28356
14777	82316
2
16346	83022
22927	75083
2
7544	134516
17674	6488
2
13263	55343
13267	8985
2
7930	87375
19621	87385
2
18255	270173
23572	269920
2
13303	96657
16363	96045
2
11600	257155
11617	255648
2
11229	186009
11233	174842
2
17449	19850
17454	226716
2
11229	844829
11233	833052
2
16003	6330
23116	61201
2
12081	18000
12083	46564
2
19534	706016
19980	704143
2
11600	203446
11617	201856
2
18050	301622
18106	303132
2
11810	356164
11811	44842
2
7543	39860
7544	39942
2
5576	184248
5578	181977
2
11600	103770
11617	102105
2
17632	619
17668	416
2
18050	1034376
18105	539557
2
18885	76415
18888	76604
2
9845	17246
21520	17117
2
17945	842517
17950	841609
2
17006	2308
17007	236121
2
17655	7585
17660	213916
2
10476	33634
19686	41949
2
17632	11501
17668	11300
2
13263	167298
13268	1166
2
13263	1154
13266	915
2
18050	13174
18106	14677
2
8756	125188
17326	969492
2
17657	1224
23289	1061
2
18050	157637
18106	159142
2
16425	20198
16442	41615
2
17759	58819
17770	58660
2
16958	10662
23140	10464
2
16347	690077
16354	243057
2
18050	219765
18106	221261
2
5578	97113
5579	97148
2
12895	47571
12908	47540
2
8347	107740
16656	22303
2
9783	91425
9795	91412
2
18885	6179
18888	6377
3
16307	28256
16317	28304
16344	28945
2
8346	54460
8368	9825
2
11229	322194
11233	310881
2
11229	38247
11233	27177
2
17075	199353
17076	213196
2
8756	20854
17326	865155
2
18364	462739
18365	463147
2
16353	94691
22927	273029
2
17942	175234
17945	1915281
2
8396	7987
8397	8457
2
10177	108933
10179	109078
2
11229	979430
11233	967607
2
18050	176177
18106	177677
2
7543	11707
7544	11790
2
11229	289107
11233	277804
2
16346	169069
22927	161147
2
16358	2514
23079	2500
2
18364	565237
18365	565745
2
15499	129178
15500	150781
2
9259	153908
9263	146829
2
16347	645702
16354	198697
2
16307	56783
16317	56835
2
18364	758009
18365	758602
2
16770	190309
16772	190773
2
15499	36059
15500	57621
2
14055	3644
14093	3669
2
16791	24372
16796	24366
2
10354	42318
19681	42304
2
19534	439012
19980	439579
2
16788	80792
16794	398
2
13058	53873
13059	53798
2
13058	128799
13059	128488
2
16347	603028
16354	156016
2
12937	109164
12938	108868
2
10476	466692
19686	517792
3
16346	290666
16353	104481
22927	282819
2
13058	422200
13059	421513
2
7544	184741
17674	55157
2
9487	18161
9489	129078
2
22866	114831
22870	239521
2
14661	46662
14664	18168
2
16346	92700
22927	84765
2
9259	180595
9263	173515
2
16770	200305
16772	200764
2
8756	79298
17326	923597
2
18181	35
18185	56361
2
7930	225537
19621	228638
2
14858	80420
14859	77937
2
7353	31567
7439	18374
2
19497	185
19498	309
2
15499	149056
15500	170666
2
17942	101931
17945	1840443
3
5576	101055
5578	98843
5579	98878
2
17890	20511
19808	20187
2
18050	73979
18106	75482
2
8130	8617
20417	281066
2
16307	1450
16317	1495
2
7543	52809
7544	52885
2
16347	450625
16354	3637
2
12852	23115
12853	22993
2
16751	493453
17567	489884
2
10177	166820
10179	166939
2
14661	62316
14664	33815
2
13058	479484
13059	478696
2
16751	324897
17567	321342
2
14858	2820
14859	349
2
12895	2626
12908	2639
2
16915	9943
16919	9708
2
17945	652868
17950	651967
2
6626	133857
23139	133867
2
7930	215977
19621	219078
3
16307	2137
16317	2182
16344	2824
2
18050	971385
18105	476639
2
13948	41879
13976	41813
2
19881	9771
22869	9769
2
16346	173188
22927	165267
2
10177	28556
10179	28554
2
10177	37478
10179	37471
2
17759	42306
17770	42147
2
4984	247185
4990	247069
2
10177	20448
10179	20449
2
18050	78799
18106	80300
2
16421	96404
16476	95813
2
14886	64398
19758	216117
2
18050	579878
18105	85370
2
17759	48248
17770	48089
2
17759	118050
17770	117893
2
15499	180605
15500	202226
2
15499	74812
15500	96398
2
18364	625596
18365	626110
2
3807	2215286
19463	3124673
2
5576	55608
5578	53507
2
474	35912
12125	36161
2
14055	9321
14093	9341
2
8346	46546
8368	1909
2
6904	30865
16045	30496
2
17759	124213
17770	124056
2
7543	99935
7544	101090
2
18050	731732
18105	237006
2
16164	44618
22870	43967
2
18050	551163
18105	56642
2
7409	34989
7415	109511
2
10177	162661
10179	162779
2
7409	40158
7415	114679
2
5578	124288
5579	124329
2
8239	15031
8243	15020
2
9539	80997
14883	47513
2
7948	17241
7956	127534
2
10177	146811
10179	146932
2
18050	122808
18106	124312
2
7930	261780
19621	264841
2
5576	155644
5578	153426
2
14858	91268
14859	88786
2
10476	101971
19686	110167
2
13058	282017
13059	281435
2
16837	40964
16843	42270
2
8009	46051
20386	46324
2
10683	0
21066	8620
2
10688	75216
21066	256776
2
18050	1030209
18105	535391
2
18364	137197
18365	137261
2
19534	119452
19980	119576
2
12841	4327
19775	184607
2
13058	813856
13059	812664
2
17651	11836
17660	84243
2
12962	12235
12970	12186
2
17942	218252
17945	1958278
2
1250	10231
19355	10323
2
16347	498025
16354	51029
2
17759	10866
17770	10709
2
7948	9474
7956	119771
2
16346	141201
22927	133276
2
16751	206968
17567	203540
2
6018	92172
10319	91532
2
18885	63440
18888	63631
2
18364	522942
18365	523405
2
9259	158023
9263	150945
2
17759	111974
17770	111817
2
13263	32480
13264	8923
2
5576	171440
5579	169220
2
16317	12842
16344	13483
2
6772	8516
19579	8483
2
7930	119733
19621	119741
2
17619	21847
23286	21355
2
18050	666550
18105	172036
2
13303	131337
16363	130604
2
19168	17612
19175	202336
2
14886	94254
19758	245980
2
11811	72288
11812	71682
2
19794	41948
22247	41874
2
15336	15969
15340	405428
2
14763	35938
14777	89897
2
14539	3040
22451	3043
2
7930	192046
19621	195144
2
474	53206
12125	53490
2
14886	139198
19758	290976
2
18050	353006
18106	354524
2
14470	147832
14470	301705
2
13948	4089
13976	3796
2
7930	44219
19621	44231
2
19755	29546
21950	29524
2
14689	83056
14762	742
2
12720	43090
12724	391910
2
11811	55
11812	279
2
7544	207239
17674	77677
2
4984	48324
4990	48358
2
17438	21737
17453	100171
2
16307	44641
16317	44693
2
14886	192221
19758	344012
2
8347	78964
8432	29067
2
18050	438140
18106	439684
2
16751	533097
17567	529544
2
19667	50
20890	56
2
7353	57749
7439	44554
2
11368	21792
21660	21586
2
18255	168092
23572	167776
2
19534	617946
19980	614820
2
16563	27974
23016	28144
2
17942	18967
17945	1758573
2
13058	103804
13059	103516
2
7065	24217
20262	24212
2
16346	34650
22927	26702
2
11809	108796
11810	109567
2
6626	166839
23139	167004
2
18364	686874
18365	687387
2
7543	79761
7544	80884
2
18364	611859
18365	612373
2
8070	3789
9790	12466
2
10177	55686
10179	55662
2
8756	106860
17326	951167
2
18049	252318
18103	36285
2
9511	35904
14174	35890
2
6649	154592
20196	154840
2
19263	30138
25198	27113
2
11811	62713
11812	62211
2
8070	9344
9790	18021
2
16346	116358
22927	108429
2
5576	178725
5578	176455
2
14689	91225
14762	8910
2
14533	420
14533	20305
2
11600	407879
11617	407850
2
16347	488003
16354	41007
2
11229	749504
11233	737874
2
18885	51652
18888	51847
2
13058	315442
13059	314856
2
16906	33698
17849	34663
2
17945	37460
17950	38853
2
8009	81516
20386	81791
2
14811	622
17962	4893
2
12734	20756
12734	380838
2
7930	80395
19621	80406
2
16971	1938
17007	157950
2
17075	176608
17076	190423
2
16353	118901
22927	297240
2
16958	74507
23140	74374
2
18255	4277
23572	4011
2
17568	49142
17569	48496
2
9539	45198
14883	11713
2
13058	715006
13059	713961
2
18050	411029
18106	412554
2
9487	57423
9489	168338
2
16346	238439
16353	52257
2
5576	75576
5579	73376
2
16563	22422
23016	22591
2
13263	149124
13269	9122
2
11229	996821
11233	984995
2
16353	72289
22927	250617
2
7544	179384
17674	49802
2
18050	128620
18106	130123
2
17945	269831
17950	271180
2
16307	49556
16317	49608
2
8009	17028
20386	17277
2
12937	206092
12938	205704
2
9520	233538
15792	204735
2
9236	164740
9238	1801256
2
17581	54026
17582	53982
2
18364	662096
18365	662612
2
19534	501394
19980	501714
2
14886	167108
19758	318891
2
17942	212447
17945	1952474
2
17568	6892
17569	6237
2
14163	4792
22337	4795
2
18050	963237
18105	468480
2
16346	99853
22927	91920
2
13058	800112
13059	798922
2
12852	30784
12853	30644
2
7353	86584
7439	73386
2
18050	474450
18106	475999
2
16170	430749
19879	218784
2
18364	547943
18365	548456
2
8239	7787
8243	7777
2
19534	148802
19980	149001
2
10546	505490
10547	516585
2
9487	6644
9489	117559
2
10683	55066
21066	63697
2
16346	29959
22927	22011
2
13058	83716
13059	83483
2
13762	5849
13955	16342
2
18364	477532
18365	477966
2
10369	190782
11497	20281
2
17759	135412
17770	135252
2
11810	327268
11811	15946
2
18050	1074771
18105	579948
2
18885	365
18888	563
2
14886	87548
19758	239272
3
5576	126523
5578	124305
5579	124346
2
12367	408428
12367	426748
2
18050	96106
18106	97607
2
13058	724397
13059	723361
2
6626	85748
23139	85588
3
16346	265423
16353	79238
22927	257569
2
19534	109575
19980	109694
2
18364	634948
18365	635463
2
13058	339974
13059	339380
2
19534	233636
19980	233752
2
7798	1113466
20368	2210
2
16170	402759
19879	190812
2
16347	575339
16354	128332
2
16545	274975
16545	280850
2
17942	185074
17945	1925116
2
14858	47350
14859	44857
2
18050	90115
18106	91616
2
9511	100860
14174	100840
2
16347	553481
16354	106497
2
18050	206595
18106	208096
2
12344	35479
12351	35512
2
13762	89629
13955	100137
2
17657	21390
17659	117254
2
13058	98636
13059	98350
2
11229	376882
11233	365518
2
11229	57610
11233	46548
2
10941	74167
10943	481150
2
18050	360999
18106	362519
2
5576	113937
5578	111716
2
18050	253123
18106	254629
2
17381	18610
17384	18475
2
8347	118749
16656	33315
2
11600	73209
11617	71534
2
8129	11307
20417	148666
2
11229	658222
11233	646625
2
18050	917657
18105	422910
2
11229	924767
11233	912964
2
16353	151949
22927	330298
2
9539	88959
14883	55475
2
17759	18769
17770	18610
2
16770	176826
16772	177288
2
18050	986375
18105	491632
2
2351	94701
2353	94776
2
14763	52939
14777	106889
2
14886	10815
19758	162457
2
11600	335158
11617	333882
2
16751	281057
17567	277525
2
7198	163742
7199	163739
2
18364	554093
18365	554605
2
4984	60803
4990	60845
2
13058	525287
13059	524426
2
18364	47735
18365	47765
2
17075	78789
17076	92489
2
14030	94149
14083	82887
2
7615	77729
17945	1408382
2
9487	44654
9489	155570
2
19534	471297
19980	471621
2
2351	14710
2353	14678
2
12868	106258
12959	43942
2
17075	51699
17076	65372
2
6626	16948
23139	16745
3
5574	98
5574	8082
5574	16442
2
9487	62368
9489	173282
2
10941	59588
10943	466571
2
13058	395627
13059	395002
2
9511	52627
14174	52609
2
14858	123183
17951	28709
2
16160	30019
22850	32356
2
13762	79480
13955	89988
2
17280	220656
19916	32748
2
16346	156799
22927	148874
2
12720	0
12724	348813
2
22862	283947
22876	288012
2
3807	1605268
19463	2462275
2
11229	666326
11233	654735
2
10941	45529
10943	452507
2
16307	25159
16317	25207
2
11229	986320
11233	974496
2
16346	203509
16353	17312
2
18050	422952
18106	424478
2
11368	50003
21660	49690
2
15499	23715
15500	45273
2
6772	12823
19579	12787
2
17520	49
19129	79784
2
18050	1056755
18105	561936
2
18364	705134
18365	705647
2
18050	877227
18105	382496
2
6626	81441
23139	81282
2
17653	15948
17660	128752
2
6626	58628
23139	58470
2
6626	232961
23139	233379
2
14021	22893
17937	22905
2
7198	2246
7199	2189
2
16751	308003
17567	304463
2
18364	517890
18365	518352
2
9539	56285
14883	22799
2
7930	110261
19621	110270
2
17642	6064
17659	127645
2
17075	148840
17076	162652
2
17290	27579
23212	27274
2
12937	389086
12938	388528
2
17942	80349
17945	1818870
2
5576	57259
5579	55140
2
4984	170481
4990	170454
3
5576	137651
5578	135427
5579	135477
2
7615	23229
17945	1353894
2
12868	25626
12959	86900
2
12344	26412
12351	26443
2
18050	1044242
18105	549422
2
11368	41814
21660	41516
2
11600	170331
11617	168740
2
16347	483077
16354	36083
3
16346	223395
16353	37201
22927	215503
2
16346	221706
16353	35512
2
8756	112928
17326	957234
2
8756	48321
17326	892624
2
7544	160402
17674	32376
2
12350	18907
16557	40723
2
11600	252784
11617	251276
2
15499	86667
15500	108262
3
16307	70600
16317	70656
16344	71291
2
7517	318037
7849	82669
2
16170	362663
19879	150759
2
7948	25693
7956	135982
2
13263	23557
13264	0
2
7543	57806
7544	57883
2
13058	806030
13059	804845
2
16751	462159
17567	458580
2
17759	33974
17770	33816
2
16347	594634
16354	147627
2
17075	58294
17076	71966
2
15499	163554
15500	185170
2
16681	4209
17660	5429
2
437	228233
11603	227791
2
17890	26821
19808	26495
2
16906	8992
17849	9963
2
11229	1010815
11233	998970
2
6626	256870
23139	257285
2
17942	108326
17945	1846835
2
11229	256335
11233	245036
2
16347	680044
16354	233023
2
17945	850505
17950	849599
2
14470	254061
14470	327285
2
7517	313381
7531	0
2
11600	310
11617	203
2
11809	178276
11810	179190
2
19175	1881
19282	1806
2
12814	10887
12815	0
2
18885	109139
18888	109326
2
14470	369911
14470	403198
2
17942	207204
17945	1947232
2
18885	101052
18888	101241
2
5578	25132
5579	25236
2
18008	32518
19770	32558
2
11600	318679
11617	317403
2
17075	217285
17076	231126
2
11229	298881
11233	287574
2
10688	0
21066	181610
2
16317	24083
16344	24723
2
16346	14646
22927	6700
2
19205	992734
19213	116524
2
8347	49901
8432	0
2
14470	226094
14470	321288
2
14858	60089
14859	57600
2
13058	390163
13059	389538
2
14858	10644
14859	8165
2
9487	31917
9489	142835
2
10177	153825
10179	153945
2
16346	53826
22927	45881
2
19534	484200
19980	484516
2
16751	407126
17567	403456
2
7930	238219
19621	241319
2
18050	39258
18106	40761
2
18050	342968
18106	344483
2
17441	18673
17453	331878
2
8756	90188
17326	934488
2
12895	9883
12908	9897
2
18050	194647
18106	196148
2
18049	145753
18102	15762
2
1846	636
1847	349
2
17075	207469
17076	221313
2
9259	170977
9263	163898
2
16770	92219
16772	92625
2
18049	153448
18102	23456
2
11610	5415
21719	129010
2
10941	22437
10943	429410
2
16353	83506
22927	261838
2
19263	44259
25198	41236
2
17942	167710
17945	1907757
2
10688	16992
21066	198608
2
18050	225827
18106	227326
2
10177	11582
10179	11603
2
16346	261507
16353	75322
2
17568	29466
17569	28820
2
7930	138339
19621	141427
2
9511	88941
14174	88924
2
7198	98522
7199	98481
2
9373	312490
9393	145645
2
13884	104197
13897	56578
2
10013	2929
10014	3063
2
16420	1822
16442	72761
2
17075	20933
17076	34579
2
19528	143019
19528	147625
2
9511	118919
14174	118900
2
7543	118447
7544	119606
2
14763	47492
14767	47484
2
7065	17863
20262	17858
2
16346	59215
22927	51273
2
18050	282092
18106	283599
2
15336	60939
15340	442566
2
2538	17891
2539	22479
2
17581	40986
17582	40946
2
18050	201702
18106	203204
2
17619	120004
23286	119588
2
13263	37139
13264	13586
2
19794	609
22247	537
2
18364	674515
18365	675030
2
17942	42342
17945	1780808
2
17759	76837
17770	76681
2
16425	11418
16442	32835
2
10579	25004
15419	23659
2
11600	186841
11617	185249
2
15499	194267
15500	215922
2
10177	171469
10179	171586
2
16353	100690
22927	279028
2
5576	21406
5579	19173
2
18364	55104
18365	55135
2
10476	315634
19686	366850
2
18594	10061
18617	9738
2
18364	770180
18365	770773
2
11229	205411
11233	194226
2
12841	17861
19775	198142
2
9259	22133
9263	15700
2
16346	178746
22927	170827
2
8396	134028
8397	134524
2
19534	103030
19980	103144
2
5578	235
5579	3470
2
18670	8575
18671	9326
2
8045	273
20317	295
2
13058	646611
13059	645649
2
14689	105735
14762	23418
2
13263	125179
13270	4932
2
9511	16802
14174	16791
2
11809	140475
11810	141376
2
5576	8704
5579	6435
2
7065	4623
20262	4621
2
11229	762808
11233	751156
2
18050	944957
18105	450203
2
16307	60878
16344	61570
2
18255	287011
23572	286762
2
18050	977015
18105	482268
2
16751	384706
17567	381029
2
18050	271470
18106	272976
2
12895	18185
12908	18199
2
13058	288812
13059	288228
2
17075	188964
17076	202783
2
14030	136952
14083	125838
2
15336	32371
15340	418494
2
16347	478223
16354	31230
2
17942	6065
17945	1747178
2
9724	198901
9726	38751
2
17942	227292
17945	1967317
2
8347	87824
16656	2384
2
7543	2249
7544	2332
2
15499	124067
15500	145669
2
7930	196800
19621	199899
2
16347	538164
16354	91179
2
18885	18383
18888	18581
2
8282	17945
8318	16658
2
17942	95795
17945	1834315
2
16791	19109
16796	19105
2
13263	18720
13266	18482
2
17942	156652
17945	1896695
2
18364	22269
18365	22274
2
7930	172213
19621	175306
2
17429	5333
17447	5222
2
16791	3221
16796	3219
2
18364	105401
18365	105443
2
17075	159069
17076	172883
2
13263	186506
13268	20382
2
16347	703988
16354	256968
2
18050	696251
18105	201728
2
18050	26996
18106	28500
2
8239	52759
8243	52734
3
16307	45282
16317	45334
16344	45974
2
12962	6569
12970	6519
2
11911	112
11917	130
2
5801	20086
13487	18416
2
17890	36535
19808	36211
3
5576	155679
5578	153461
5579	153509
3
16346	273035
16353	86851
22927	265183
2
9759	85534
9761	86953
2
7353	40732
7369	27260
2
7198	117694
7199	117661
2
11600	88202
11617	86533
2
12350	297098
15923	10162
2
9511	71556
14174	71538
2
16346	303638
22927	295787
2
9222	5096
9232	5235
2
17075	256686
17076	270539
2
13058	308466
13059	307881
2
16788	93560
16794	13162
2
18364	656091
18365	656605
2
13263	158529
13269	18529
2
1250	19934
19355	20042
2
17075	68391
17076	82088
2
17619	32312
23286	31821
2
17619	158359
23286	157960
2
15401	103716
15409	36331
2
14886	202960
19758	354754
2
18364	730285
18365	730875
2
14886	99380
19758	251104
2
18364	644532
18365	645043
2
18364	10955
18365	10957
2
16347	583503
16354	136496
2
14886	116297
19758	268059
2
11368	3608
21660	3455
2
17759	26009
17770	25850
2
9539	68324
14883	34838
2
17280	266784
19916	16606
2
18081	1740
18104	435358
2
13298	16144
19792	20843
2
16353	48794
22927	227113
2
8756	136661
17326	980965
2
16425	25111
16442	46527
2
12081	13880
12083	42443
2
12814	21777
12815	10892
2
16770	3016
16772	3320
3
14763	47576
14767	47568
14777	101525
2
14886	132068
19758	283847
2
17540	1532
23263	1544
2
16421	4163
16476	3955
2
11368	15816
21660	15621
2
14021	9951
17937	9959
2
13058	348946
13059	348347
2
8130	160
20417	272595
2
9259	119930
9263	113403
2
16307	20919
16344	21607
2
11229	1259203
11233	1246749
2
16347	694981
16354	247963
2
6649	146748
20196	146993
2
14055	20755
14093	20772
3
5576	117395
5578	115174
5579	115218
2
18050	1000037
18105	505237
2
6626	102226
23139	102041
2
10177	83313
10179	83278
2
18364	393875
18365	394251
2
22862	417433
22876	430440
2
14886	18571
19758	170215
2
16307	55827
16344	56520
2
5976	60277
6390	58663
2
9487	51740
9489	162656
2
5576	167193
5579	164972
2
16751	229714
17567	226224
2
7930	56573
19621	56584
2
7517	318726
7531	5341
2
19673	237691
19673	243912
2
7353	121141
7439	107938
2
18885	27862
18888	28060
2
8347	102494
16656	17056
2
11600	194886
11617	193296
2
12937	437178
12938	436611
2
18050	264651
18106	266159
2
16170	367605
19879	155700
2
16170	408533
19879	196586
2
10941	14581
10943	421556
2
12424	17373
12425	17425
2
18081	39936
18104	473621
2
11600	326379
11617	325102
2
7930	14965
19621	14973
2
17540	22995
23263	22994
2
8756	67657
17326	911957
2
11600	6240
11617	6134
2
10579	49354
15419	47871
2
16421	59644
16476	59110
2
10941	8424
10943	415399
2
6626	108987
23139	108801
2
17075	95510
17076	109241
2
16346	284085
22927	276237
3
5576	76427
5578	74247
5579	74227
2
16347	716752
16354	269727
2
5574	3
5574	16347
2
18033	75133
18035	74798
2
7930	149244
19621	152331
2
18885	92357
18888	92545
2
18364	284802
18365	284997
2
12841	26111
19775	206391
2
7543	65134
7544	65211
2
16346	250271
22927	242412
2
4984	213806
4990	213711
2
11229	1130270
11233	1118274
2
12720	28858
12724	377678
2
17759	68094
17770	67938
2
7930	24466
19621	24475
2
2715	2489
2716	2264
2
9511	4643
14174	4639
2
7544	166795
17674	38767
2
10354	13288
19681	13282
2
20455	10577
23547	11732
2
17381	5259
17384	5122
2
11229	193326
11233	182160
2
14470	44102
14470	280637
2
8130	40537
20417	313007
2
17075	125727
17076	139508
