2
7065	5498
20262	5497
2
18364	627346
18365	627895
2
18885	128982
18888	129205
2
9511	73761
14174	73747
2
10177	160440
10179	160585
2
6649	193764
20196	194064
2
8347	2255
8375	0
2
15048	276
15048	3394404
2
8341	0
8346	70396
2
18364	148385
18365	148446
2
16307	80966
16317	81037
2
18885	37252
18888	37482
2
15869	513
19864	12854
2
5578	185340
5579	185402
2
5576	157014
5578	154459
2
8251	45010
17818	0
2
7544	163473
17674	12566
2
18364	698149
18365	698696
2
16751	625795
17567	621442
2
18364	872178
18365	872804
2
12081	0
12083	32706
2
14886	34326
19758	212306
2
17942	98888
17945	2126562
2
14661	38672
14664	5618
2
13058	135898
13059	135566
2
16751	648164
17567	643829
2
14763	33538
14777	96880
2
18008	38717
19770	38772
2
7930	101884
19621	101893
2
18255	314986
23572	314704
2
9487	78985
9489	209610
2
19534	141328
19980	141467
2
12841	5080
19775	217380
2
18364	669940
18365	670481
2
16346	164892
22927	155626
2
12344	31086
12351	31118
3
16346	260650
16353	43073
22927	251424
2
8756	130885
17326	1121612
2
18049	170546
18102	18647
2
14689	124514
14762	27549
2
18364	789047
18365	789589
2
17942	49436
17945	2077040
2
7543	139551
7544	140962
2
17075	90699
17076	106629
2
7930	174079
19621	177696
2
16353	117521
22927	325914
2
17632	720
17668	474
2
13263	197512
13268	1349
2
19534	836346
19980	834177
2
11600	239121
11617	237233
2
18885	89027
18888	89251
2
13263	1351
13266	1079
2
12895	56164
12908	56129
2
8347	125744
16656	26238
3
16307	33140
16317	33202
16344	34155
2
18050	185005
18106	186775
2
7543	13847
7544	13947
2
15499	151398
15500	176672
2
17075	228889
17076	244971
2
18050	206815
18106	208580
2
16791	28758
16796	28754
2
16770	222300
16772	222846
2
9259	213317
9263	204914
2
13058	151299
13059	150951
2
18364	886602
18365	887231
2
14858	93984
14859	91115
2
8239	17689
8243	17681
3
16346	339559
16353	121991
22927	330384
2
13058	495852
13059	495085
2
13263	67715
13267	12937
2
16317	2607
16344	3561
2
1846	733
1847	405
2
9539	95790
14883	56329
2
7543	117660
7544	119066
2
7930	261441
19621	265073
2
15499	174822
15500	200104
2
12895	3088
12908	3098
2
10369	235169
11497	34966
2
7930	250416
19621	254048
2
17759	56555
17770	56368
2
18050	168585
18106	170354
2
17942	254697
17945	2284155
2
16347	581431
16354	59975
2
7930	139395
19621	139401
2
17619	25759
23286	25163
2
13303	152518
16363	151701
2
17619	186794
23286	186298
2
14470	173591
14470	354297
2
18050	67800
18106	69564
2
9511	97912
14174	97897
2
11600	200126
11617	198237
2
14858	116197
17951	5757
2
7948	29763
7956	158836
2
16353	97239
22927	305627
2
16347	812211
16354	290735
2
18050	557928
18106	559748
2
8347	138672
16656	39169
2
18050	1243023
18105	661146
2
18050	926086
18105	344305
2
16347	636018
16354	114580
2
16307	7987
16344	9001
2
9511	142085
14174	142068
2
5578	29947
5579	30062
2
11229	989621
11233	975877
2
12081	21081
12083	53789
2
17942	215885
17945	2245363
2
7930	128513
19621	128521
2
7198	190084
7199	190080
2
16346	258650
16353	41073
2
17075	217010
17076	233068
2
13263	187247
13269	21977
2
9724	233921
9726	45166
2
7543	76767
7544	76863
2
11600	383963
11617	382447
2
18364	854122
18365	854748
2
13058	409816
13059	409152
2
7543	2660
7544	2760
2
14767	56267
14777	119606
2
17759	30379
17770	30192
2
8756	158614
17326	1149339
2
12937	510297
12938	509651
2
10941	54006
10943	527766
2
10941	17132
10943	490885
2
7930	17291
19621	17299
2
10579	57990
15419	56297
2
17642	7165
17659	150253
2
5576	90333
5578	87835
2
17619	38053
23286	37458
2
14886	21780
19758	199758
2
7930	65920
19621	65929
2
18050	457271
18106	459066
2
19667	62
20890	68
2
10177	65236
10179	65193
2
18049	295651
18103	42381
2
16346	135884
22927	126611
2
14689	107423
14762	10458
2
18885	60342
18888	60570
2
13058	370335
13059	369684
2
17568	57676
17569	56900
2
16346	116413
22927	107136
2
17568	8104
17569	7314
2
13263	176026
13269	10756
2
9487	7794
9489	138420
2
17759	158040
17770	157848
2
12367	479152
12367	500850
2
5576	134515
5578	131965
2
11600	229000
11617	227112
2
17075	26890
17076	42764
2
11229	1083053
11233	1069275
2
16307	29478
16317	29540
2
10941	69321
10943	543088
2
18364	824882
18365	825421
2
17520	63
19129	94446
2
7198	2573
7199	2506
2
7930	29030
19621	29039
2
9487	52346
9489	182973
3
5574	122
5574	9489
5574	19305
2
18364	719137
18365	719683
2
12720	0
12724	409346
2
4984	198383
4990	198358
2
14858	144557
17951	34120
2
16347	794606
16354	273131
2
16346	208976
22927	199720
2
16307	82424
16344	83441
2
15499	191606
15500	216894
2
18050	92547
18106	94310
2
16681	4872
17660	6358
2
16906	10453
17849	11590
2
17942	125958
17945	2153621
2
11600	374773
11617	373258
2
13263	147672
13270	5803
2
13263	43801
13264	16159
2
18050	265158
18106	266921
2
13058	339281
13059	338632
2
8756	105133
17326	1095851
2
9511	106504
14174	106490
2
7930	160907
19621	164524
2
12720	33611
12724	442964
2
17075	183784
17076	199837
2
18364	804675
18365	805214
2
7930	200037
19621	203661
2
16791	3794
16796	3793
2
16317	53035
16344	53986
2
5576	183647
5579	181161
2
18364	754209
18365	754749
2
9539	80753
14883	41290
2
16353	56777
22927	265151
2
5574	3
5574	19186
2
17568	35874
17569	35097
2
17075	109684
17076	125648
2
16347	837581
16354	316097
2
18364	780359
18365	780902
