2
282	8841
284	8636
2
713	10846
717	10347
2
757	2803
898	3602
2
282	16513
284	16305
2
73	0
699	0
2
72	0
72	232
2
1006	166
1006	4845
4
480	0
480	1470
481	0
481	1472
2
6	5531
17	4520
2
1074	0
1074	2333
2
11	144
486	15589
3
22	1035
282	13028
284	12799
2
11	2509
486	17963
2
670	5599
987	5597
2
480	16635
481	17065
2
404	4422
815	30594
2
517	16411
697	2580
2
535	10033
1027	9987
2
282	12293
284	12057
2
102	879
103	692
2
296	11299
660	977
2
75	1379
425	798
2
542	8349
1043	7576
2
480	7122
481	7436
2
102	3093
103	2905
2
1001	3440
1002	2607
2
430	2027
655	4201
2
22	672
275	14478
2
376	5910
874	5907
2
20	7622
685	7565
2
480	13324
481	13736
2
70	13124
484	375
2
1001	6587
1002	5754
2
461	8133
937	7564
2
330	328
330	5530
2
430	1822
655	3794
2
442	0
442	560
2
661	9
661	416
2
211	0
211	173
2
46	0
46	145
2
956	96
956	377
2
219	488
754	579
2
770	0
770	525
2
282	6021
284	5821
2
25	3194
786	470
2
535	16351
1027	16178
2
86	3315
248	5753
2
282	17084
284	16861
2
507	29486
795	259
2
87	3147
639	1835
2
54	4330
396	2568
2
535	3066
1027	3014
2
20	7382
685	7325
2
430	2962
431	2414
2
1001	6729
1002	5899
2
670	5214
987	5213
2
191	2442
198	3428
2
212	15887
275	15734
2
713	10081
717	9596
2
713	5910
717	5437
2
527	1353
573	3733
3
212	5668
275	5487
1039	3623
2
376	9520
874	9508
2
527	920
573	3289
2
995	755
996	782
2
713	4967
717	4504
2
710	6213
710	9520
2
480	7473
481	7790
2
292	3272
436	3696
2
282	15989
284	15780
2
589	3624
605	3512
2
272	1601
996	3139
2
219	2132
754	2227
2
212	14948
275	14789
2
1001	6417
1002	5586
2
189	0
199	4051
2
212	10673
275	10508
2
119	4802
769	2560
2
148	5760
888	3615
2
282	9426
284	9214
2
348	3153
830	1715
2
357	4840
358	4858
2
11	8078
486	23541
2
330	0
330	5203
2
330	579
330	5777
2
89	14385
509	8992
2
293	2628
526	2591
2
480	12018
481	12422
2
480	11828
481	12232
2
282	0
282	401
2
11	0
486	15444
2
42	5719
554	808
2
212	12120
275	11958
2
271	14112
275	13742
2
282	10058
284	9847
2
212	12402
275	12242
2
221	0
221	458
2
589	3208
605	3109
2
54	3914
396	2143
2
282	6168
284	5969
2
430	7571
655	15849
2
430	4730
655	9748
5
739	703
739	1098
739	1700
739	1921
739	2132
2
974	0
974	259
3
430	2870
431	2329
655	6460
2
11	7463
486	22930
2
430	5925
655	11816
3
394	228
394	7617
520	4422
2
292	2564
436	2990
2
535	6254
1027	6205
2
237	4933
240	4968
2
430	6503
655	14037
2
11	1035
486	16477
2
480	11002
481	11398
2
219	11874
754	7482
2
282	14468
284	14252
2
480	2287
481	2302
2
216	1009
659	4153
2
480	3713
481	3765
2
73	7890
699	7928
2
430	7230
655	15505
2
82	298
668	571
2
438	5055
439	4666
2
567	3722
567	4845
2
180	1172
742	1175
2
499	10108
1018	10113
2
660	3312
660	4346
2
480	5305
481	5552
2
106	6064
1096	1779
2
285	1743
286	1744
2
212	4648
275	4479
2
995	536
996	656
2
219	124
754	172
2
289	172
947	145
2
316	4390
803	4426
2
945	0
945	360
2
709	330
838	1459
2
412	0
412	249
2
809	0
809	150
2
261	0
261	296
2
152	0
152	454
2
148	4615
888	2475
2
535	9867
1027	9821
2
32	125
1036	40
2
219	12027
754	7616
2
150	150
743	61
2
713	11560
717	11039
2
1070	0
1070	355
2
535	14439
1027	14340
2
648	0
648	577
2
726	242
726	5330
2
978	910
992	1025
2
984	0
984	98
2
516	161
697	160
4
713	1240
713	12241
717	718
717	11713
2
316	3468
803	3517
2
480	2392
481	2405
2
713	12370
717	11844
2
839	10
839	421
2
461	11582
937	11012
2
219	11076
754	12130
2
219	10417
754	11474
2
295	24699
982	11789
2
348	2788
830	1388
2
20	3026
685	2956
2
316	4902
803	4938
2
42	5349
554	437
2
670	8336
987	8334
2
357	7796
358	7814
2
378	183
378	3521
2
959	0
959	184
2
480	1408
481	1410
2
11	9380
486	24862
2
670	7091
987	7089
2
83	0
83	353
2
1048	1681
1048	2585
2
430	8888
431	7101
2
282	17389
284	17157
2
598	19
598	284
2
535	16199
1027	16024
2
212	7317
275	7142
3
979	1451
979	1707
979	1952
2
713	6438
717	5956
2
1092	60
1092	4492
2
179	312
179	3382
2
430	1421
655	2767
2
219	1086
754	1177
2
687	0
687	436
2
438	8973
439	8484
2
118	6969
714	7172
2
118	5237
714	5185
2
320	0
320	132
2
63	0
63	126
2
177	0
177	138
2
102	185
103	0
2
70	0
70	360
2
118	7631
714	7833
2
813	0
813	83
2
289	0
947	0
3
644	7116
644	8122
644	14735
2
212	805
275	615
2
11	890
486	16331
2
1001	9355
1002	8533
2
438	1951
439	1736
3
213	6149
660	2586
660	4068
2
480	8130
481	8446
2
884	0
884	290
2
282	16713
284	16507
2
6	1762
17	809
2
684	0
684	192
2
535	11201
1027	11158
2
73	4436
699	4488
2
492	16060
1014	20350
2
438	1489
439	1274
2
480	3063
481	3098
2
73	7479
699	7523
3
430	3690
431	3044
655	7877
2
212	391
275	15
2
556	0
556	289
2
1027	0
1027	353
4
73	170
73	3980
699	170
699	4041
2
42	3762
75	89
2
564	0
564	189
2
517	0
517	387
2
524	4056
1014	10706
2
548	1763
549	1570
2
357	3308
358	3324
2
118	8231
714	8434
2
535	11644
1027	11587
2
371	0
371	112
2
169	130
365	225
2
991	0
991	85
2
480	403
481	403
2
1092	496
1092	6613
2
1094	0
1094	218
2
1085	8
1085	173
2
560	402
560	7661
2
589	1477
605	1457
2
456	0
456	258
2
535	14118
1027	14021
2
438	8751
439	8282
2
237	655
240	710
2
212	2500
275	2327
2
480	4029
481	4134
2
651	14
651	2530
2
330	2219
330	7403
2
22	1304
22	4743
2
73	5057
699	5107
2
535	7633
1027	7580
2
11	248
486	15694
2
289	9730
947	9695
2
30	2703
150	2753
2
430	1491
431	1066
2
670	2396
987	2397
2
493	4310
493	7647
2
670	5985
987	5984
2
995	1997
996	1884
2
32	23155
1036	1207
2
645	6371
645	7202
2
480	10184
481	10585
2
25	3063
786	334
2
25	4301
786	942
2
376	7377
874	7371
2
713	11668
717	11144
3
272	316
294	368
294	3148
2
271	14728
284	17337
2
664	116
664	4789
2
659	100
659	6827
2
405	1622
405	16857
2
219	1157
754	1250
2
28	171
344	43
2
212	8185
275	8010
2
316	6571
803	6705
2
66	12612
295	22885
2
859	0
859	234
2
212	14300
275	14138
2
701	1003
849	3893
2
430	7672
655	15952
2
438	9061
439	8574
2
729	0
729	1819
2
293	1937
391	3834
2
995	467
996	588
2
282	16779
284	16575
2
282	3949
284	3783
2
282	10360
284	10147
2
148	4192
888	2051
2
978	362
992	481
2
920	1242
922	1084
2
438	8404
439	7940
2
410	5411
524	4739
3
430	6635
431	5598
655	14172
2
11	8988
486	24464
3
22	856
282	12848
284	12614
2
330	4253
330	9406
2
160	827
606	1840
2
366	2286
481	2706
2
212	11811
275	11646
2
228	522
228	4379
8
165	318
287	309
288	198
517	300
723	851
738	306
762	128
979	179
9
285	181
286	181
428	307
514	169
515	315
749	210
783	299
920	273
1012	291
2
218	86
845	218
3
225	226
270	378
652	323
2
748	230
921	244
2
764	128
765	159
2
542	8424
1043	7652
2
289	8546
947	8515
2
527	1945
573	4334
2
713	7421
717	6935
2
268	256
314	345
2
73	6208
699	6259
2
438	3990
439	3749
2
282	9506
284	9294
2
524	2031
1014	2691
4
11	4176
11	5444
486	19631
486	20906
2
86	2476
248	3322
2
590	5972
590	19170
2
282	1704
284	1530
2
480	12249
481	12657
3
310	301
310	467
310	628
3
310	776
310	924
310	1233
2
366	3366
481	3417
2
20	9018
685	8965
2
480	13604
481	14015
2
212	11090
275	10924
2
295	20407
482	15934
2
118	841
714	654
2
212	11015
275	10848
2
461	2435
937	1872
2
20	7182
685	7123
2
548	2524
549	2330
2
118	13741
714	14360
2
219	2890
754	2982
2
461	2513
937	1949
2
316	4173
803	4211
2
1001	7151
1002	6329
2
118	5037
714	4983
2
430	6830
655	14368
2
212	7423
275	7249
2
481	8549
488	5438
2
710	5940
710	9001
2
713	10426
717	9930
2
589	2684
605	2585
2
6	4633
17	3624
2
701	3251
849	4883
2
978	201
992	321
2
221	2059
269	9618
2
511	318
814	1983
2
430	2643
655	5814
2
282	2873
284	2698
2
28	28
437	4198
2
316	1924
803	1977
2
748	140
748	1487
2
212	2683
275	2507
2
29	601
29	1040
2
151	8
151	362
2
292	316
436	731
2
212	12888
275	12726
2
20	5500
685	5416
2
480	13813
481	14225
2
219	2587
754	2677
2
212	4848
275	4678
2
480	8555
481	8886
2
145	4760
265	719
2
219	5286
754	5374
2
237	2748
240	2772
2
219	8707
754	9775
2
218	49
218	4156
2
183	0
183	246
2
331	142
331	902
2
295	24339
982	11232
2
20	6219
685	6148
2
480	18618
481	19065
2
438	795
439	582
2
438	6605
439	6158
2
737	113
737	335
2
995	865
996	888
2
6	5686
17	4671
2
292	2417
436	2845
2
148	5991
888	3842
2
535	1587
1027	1544
2
219	1283
754	1377
2
212	15439
275	15282
2
219	4387
754	4477
2
25	737
664	1779
2
813	1627
814	1644
2
535	13263
1027	13181
2
219	3129
754	3216
2
73	7713
699	7755
3
480	4087
481	4192
975	1082
2
480	11551
481	11954
2
105	11635
119	6599
2
1001	1820
1002	987
2
594	19
594	292
2
212	6013
275	5833
2
1001	2199
1002	1366
2
111	1008
708	5781
2
480	17470
481	17920
2
237	1507
240	1564
3
366	2294
481	2714
975	905
2
480	652
481	648
2
538	4502
774	467
2
535	7469
1027	7421
2
713	951
713	5369
2
282	6902
284	6693
2
480	11426
481	11825
2
813	471
814	514
2
212	12739
275	12577
2
701	2357
849	4435
2
36	44
1088	41
2
25	1803
664	4585
2
22	1243
284	13010
2
289	7925
947	7895
2
713	3997
717	3540
2
710	7672
710	7959
2
713	1918
717	1428
2
499	10173
1018	10179
2
6	5260
17	4251
2
535	6390
1027	6341
2
330	4534
330	9687
2
357	9311
358	9331
2
357	2223
358	2235
2
6	1836
17	879
2
852	10283
852	10393
2
102	6716
103	6529
2
11	2016
486	17464
2
219	10346
754	11403
2
6	5459
17	4450
2
11	748
486	16190
2
461	8502
937	7928
3
739	30
739	1371
739	1620
3
739	399
739	1838
739	2049
2
282	14285
284	14067
2
298	1754
768	620
2
282	12375
284	12140
2
461	11909
937	11339
2
282	4774
284	4581
2
480	16513
481	16944
2
102	6888
103	6703
2
430	1233
655	2478
2
713	11920
717	11394
2
282	3120
284	2946
2
713	2228
717	1737
2
282	15875
284	15665
2
1001	3544
1002	2712
2
430	6613
655	14150
2
1039	0
1039	177
2
298	6419
768	5755
2
219	3720
754	3812
2
438	2855
439	2638
2
86	1770
248	2187
2
535	7241
1027	7191
2
481	4846
975	1327
2
219	10970
754	12024
2
461	10187
937	9613
2
1001	7989
1002	7167
2
11	2923
486	18375
2
1001	8842
1002	8022
2
6	1132
17	180
2
105	11732
119	6697
2
430	563
655	764
2
430	5210
655	10776
2
1001	6801
1002	5972
2
289	7799
947	7769
2
524	2208
1014	2870
2
219	5695
754	5779
2
6	2698
17	1744
2
713	10560
717	10062
2
374	4507
383	255
2
357	13373
358	13395
2
499	2494
1018	1366
2
438	4402
439	4026
2
739	159
739	526
2
87	3646
639	2354
3
430	4004
431	3341
655	8192
2
118	8367
714	8571
2
535	14006
1027	13912
2
118	8575
714	8784
2
480	2787
481	2811
2
376	3886
874	3882
2
669	7546
972	43344
2
11	3767
486	19217
2
25	3871
786	2227
2
118	13901
714	14520
2
660	2560
660	4042
2
430	7383
655	15659
2
503	349
503	2625
2
212	13685
275	13522
2
511	2084
814	3755
2
430	643
655	849
2
219	1916
754	2008
2
219	7705
754	8776
2
11	8694
486	24169
2
265	113
265	2046
2
264	67
264	474
2
480	8412
481	8732
2
112	0
112	145
2
11	9306
486	24789
2
11	4295
486	19754
2
527	1730
573	4113
2
438	4891
439	4503
2
713	6317
717	5841
2
237	932
240	987
2
920	1506
922	1343
2
219	9251
754	10318
2
75	2384
425	1804
2
493	4471
493	7807
2
376	2774
874	2768
3
430	3935
431	3272
655	8123
3
32	1610
32	23172
1036	1224
2
289	8746
947	8714
2
219	9943
754	11008
2
118	1281
714	1098
3
73	345
699	345
753	305
2
42	4468
843	583
2
54	3463
396	1684
2
645	9599
645	14827
2
480	13672
481	14084
2
289	11154
947	11117
2
760	4136
946	343
2
118	5843
714	5897
2
118	2125
714	1944
2
289	6291
947	6261
2
430	3270
655	7055
2
433	422
914	424
2
499	2541
1018	2527
2
30	1212
150	1205
2
481	9087
980	5207
2
118	6798
714	7002
2
148	7275
888	5120
2
530	1215
530	1473
2
530	1111
530	1378
2
739	829
739	1182
2
418	304
1010	242
2
219	1623
754	1718
2
734	4696
734	19157
2
535	5235
1027	5179
2
430	918
655	1833
2
42	4336
75	666
3
480	14462
481	14872
975	2326
2
285	1634
286	1635
2
711	2747
750	2080
2
461	1332
937	767
2
115	8358
119	3499
2
118	3352
714	3294
2
6	3992
17	2984
2
118	6687
714	6891
2
480	18315
481	18757
4
376	7749
376	7994
874	7744
874	7983
2
438	2141
439	1927
3
212	13904
271	14113
275	13743
2
430	3503
655	7690
2
995	324
996	443
3
306	2270
306	2963
306	3780
2
713	5048
717	4584
2
11	7900
486	23367
3
480	8762
481	9095
980	5215
2
11	11218
486	26709
2
357	10990
358	11009
3
713	1006
713	5424
717	4958
2
316	7340
803	7475
2
22	1708
299	3793
2
330	4393
330	9546
2
191	2539
198	3524
2
430	3871
655	8059
2
357	16557
358	16585
2
118	13145
714	13363
2
480	1883
481	1889
2
30	1813
150	1812
2
430	6456
431	5421
2
430	718
655	1338
2
212	8651
275	8479
2
178	5104
281	17296
2
376	6790
874	6785
2
480	19148
481	19598
2
289	10012
947	9976
2
394	5093
520	1896
2
357	13641
358	13663
2
292	834
436	1243
2
221	2214
269	9774
2
357	6939
358	6959
2
212	15618
275	15464
2
289	9212
947	9177
2
212	6602
275	6432
2
760	3979
946	185
2
42	6747
554	1840
2
219	7890
754	8961
2
11	12148
486	27655
2
265	6511
573	1021
2
6	3133
17	2126
2
978	3981
992	4092
2
20	440
685	363
2
711	1392
750	730
2
30	1589
150	1586
2
480	17348
481	17797
2
219	372
754	12226
7
241	146
285	164
286	164
514	152
723	834
1012	274
1034	228
2
272	1938
996	3407
2
167	89
821	206
2
713	1694
717	1199
2
357	14787
358	14812
2
87	2764
639	1458
2
1001	4
1002	4
2
480	5146
481	5383
2
480	14269
481	14680
2
82	887
668	1158
2
219	5990
754	6072
2
73	4093
699	4145
2
492	384
858	2959
2
1001	4279
1002	3447
2
73	7118
699	7159
2
430	1124
655	2370
2
28	2253
344	556
2
32	1428
1036	1044
2
978	7432
992	7507
2
461	8580
937	8005
2
118	12035
714	12249
2
461	1428
937	863
2
430	7810
655	16093
2
589	2276
605	2178
2
118	4852
714	4795
3
22	1390
282	13382
284	13159
2
11	1535
486	16989
2
430	352
431	227
2
11	10585
486	26072
2
11	6935
486	22397
2
813	1450
814	1469
2
357	14161
358	14185
2
212	5593
275	5412
2
670	9871
987	9869
2
212	11393
275	11228
2
394	5473
520	2278
3
22	476
212	14435
275	14278
2
73	6723
699	6766
2
480	12977
481	13391
2
535	10631
1027	10604
2
118	13545
714	14163
3
478	126
490	8291
509	12434
2
480	247
481	249
2
212	3772
275	3591
2
589	1834
605	1814
2
535	854
1027	815
2
219	629
754	718
2
282	12679
284	12444
2
299	8629
988	1557
2
405	747
405	10714
2
993	5818
993	14267
2
430	8451
431	6742
2
86	1629
248	2045
2
438	5843
439	5454
2
282	11682
284	11446
2
296	11629
660	1316
3
548	149
548	2726
549	270
2
713	2415
717	1925
2
11	10666
486	26158
2
42	6866
554	1960
2
548	1245
549	1051
2
316	4573
803	4608
2
710	2600
710	3153
2
118	4138
714	4082
2
50	2973
127	3060
2
118	5493
714	5544
2
710	5787
710	9279
2
282	8023
284	7806
2
120	56
120	243
2
6	2307
17	1352
2
548	595
549	400
2
438	7994
439	7537
2
118	6102
714	6151
2
330	2041
330	7238
2
212	10350
275	10185
3
530	1218
530	1476
530	1753
2
711	4142
750	3473
2
430	2123
431	1675
2
219	9417
754	10485
2
11	4647
486	20110
2
11	3114
486	18563
2
299	9195
988	1736
2
212	6280
275	6096
2
535	11796
1027	11735
2
11	5803
486	21264
2
713	11459
717	10939
3
75	798
425	0
425	214
2
180	0
742	0
2
148	3920
888	1783
2
42	6595
554	1687
2
480	15677
481	16094
2
713	8596
717	8113
2
219	11155
754	6796
2
219	9770
754	10837
2
111	919
708	5694
2
430	2271
655	4682
4
61	79
169	136
362	110
365	231
3
19	1179
20	1675
685	1616
2
292	3071
436	3499
2
219	5191
754	5280
2
212	895
275	721
2
535	16570
1027	16401
2
480	9958
481	10347
2
376	2333
874	2327
2
376	9955
874	9947
2
485	49
1074	2503
2
282	2049
284	1877
2
430	7099
655	14636
2
438	3050
439	2831
2
480	10583
481	10985
2
535	15753
1027	15576
2
978	2805
992	2916
2
42	6953
554	2048
2
282	11528
284	11292
2
444	43
444	222
2
700	0
700	274
2
713	6087
717	5614
2
727	884
727	8030
2
212	6811
275	6636
2
995	1892
996	1782
2
316	6684
803	6816
2
212	9330
275	9155
2
376	11345
874	11320
2
330	3885
330	9041
2
11	9618
486	25100
2
118	3894
714	3835
2
430	6990
655	14527
2
295	18407
295	22525
2
993	9821
993	15157
2
955	2434
955	15912
2
713	773
717	251
2
73	4044
710	1373
2
81	3094
142	4502
2
6	3777
17	2770
3
480	2597
481	2613
975	806
2
219	9352
754	10420
2
376	7630
874	7625
2
645	10359
645	13029
2
535	8843
1027	8786
2
461	12332
937	11755
2
589	1281
605	1262
2
212	3572
275	3388
2
282	12490
284	12255
3
22	1314
22	4753
284	13083
2
87	2101
639	798
2
480	17679
481	18122
2
534	182
534	10536
2
394	0
394	316
2
644	1043
645	1058
2
132	83
132	345
2
499	12255
1018	12246
2
480	11743
481	12146
2
461	603
937	37
2
394	5292
520	2097
2
499	1599
1018	1586
2
316	5807
803	5961
2
438	8837
439	8364
2
644	1111
645	1123
2
701	3126
849	4760
2
118	10469
714	10675
2
25	5096
786	1789
2
25	4828
786	1474
2
99	0
99	406
2
334	4269
334	5371
2
181	44
181	22811
2
535	7145
1027	7094
2
535	7048
1027	6995
2
289	6041
947	6012
2
316	5891
803	6043
2
73	7820
699	7860
2
376	10993
874	10972
2
20	4816
685	4735
2
219	8229
754	9300
2
212	3379
275	3190
2
535	13503
1027	13408
2
293	2893
526	2852
2
292	1117
436	1524
2
713	941
717	4894
2
438	9143
439	8664
3
212	183
212	457
275	81
2
20	8073
685	8017
2
995	1240
996	1135
2
988	61
988	234
2
272	3128
996	3964
2
499	11244
1018	11254
2
461	2146
937	1584
2
86	2350
248	3132
2
219	7429
754	8503
2
1013	82
1013	3007
2
761	1026
761	2527
2
438	8616
439	8154
2
760	3801
946	2
2
535	14196
1027	14102
2
1001	8622
1002	7803
2
527	2053
573	4444
2
480	7793
481	8108
2
219	3553
754	3641
2
282	9189
284	8983
2
316	7601
803	7730
2
100	8310
969	1085
2
461	738
937	171
2
6	2478
17	1525
2
762	16
762	233
2
480	19325
481	19778
2
527	843
573	3210
2
73	7007
699	7046
2
482	18620
982	24531
2
6	4826
17	3815
2
535	13056
1027	12983
2
438	1727
439	1511
2
271	215
271	2794
2
376	4679
874	4678
2
430	6376
655	12853
2
978	6156
992	6260
2
522	11
522	185
2
219	10627
754	11678
2
272	3043
996	3877
2
118	14431
714	15058
2
733	6607
753	6882
2
316	7094
803	7228
2
118	10776
714	10982
2
524	2465
1014	3937
2
282	15267
284	15055
3
19	2352
20	2850
685	2788
2
461	6025
937	5459
2
86	2240
248	2674
2
293	3679
526	3670
2
376	226
874	226
2
219	10734
754	11787
2
219	1434
754	1528
2
73	414
699	417
2
438	5716
439	5328
2
499	7284
1018	7269
2
438	3766
439	3539
2
535	7733
1027	7677
2
212	12051
275	11888
2
330	2419
330	7590
2
219	7256
754	8328
2
6	1209
17	255
2
405	1184
405	15031
2
282	1580
284	1412
2
42	6288
554	1377
2
118	7938
714	8142
2
148	7552
888	5397
2
94	3819
410	2805
2
287	305
288	194
2
713	10322
717	9833
2
480	2573
481	2589
2
212	8726
275	8555
2
212	7113
275	6937
2
212	14424
275	14267
2
548	1644
549	1451
2
282	8584
284	8378
2
430	482
655	462
2
978	6721
992	6797
2
1001	3086
1002	2254
3
480	5600
481	5857
975	1544
2
94	4157
410	3216
2
42	4023
75	353
3
19	799
20	1289
685	1225
2
219	3197
754	3284
2
433	3065
914	3068
2
111	300
317	217
2
18	0
18	979
3
430	327
430	648
655	854
2
480	10486
481	10888
2
525	326
525	12749
2
123	111
708	198
2
876	373
1011	201
2
875	226
1010	160
7
428	347
513	227
514	209
515	355
749	250
783	339
924	201
2
357	594
358	606
2
285	2347
286	2350
2
0	14975
675	12103
2
480	19561
481	20014
2
535	1818
1027	1773
2
94	235
94	1254
2
28	510
437	4431
2
216	19
216	408
2
292	2628
436	3055
3
19	2044
20	2544
685	2483
2
293	2418
526	2387
2
978	6379
992	6469
2
548	1884
549	1689
2
499	9413
1018	9403
3
19	979
20	1477
685	1418
2
212	6477
275	6304
2
993	9017
993	14922
2
669	7623
972	43421
2
118	1460
714	1279
2
535	4280
1027	4239
2
572	2884
760	5603
3
219	11198
219	11311
754	6839
2
711	2624
750	1962
2
670	8014
987	8013
3
118	95
118	452
714	257
2
212	1488
275	1310
2
282	7873
284	7656
2
282	2953
284	2779
2
282	1805
284	1632
2
710	7245
710	10626
2
430	3073
655	6792
2
535	9595
1027	9547
2
252	72
252	256
2
438	555
439	341
2
418	1335
1010	1441
2
480	1634
481	1637
2
432	0
432	265
2
535	10523
1027	10494
2
713	4784
717	4321
2
995	933
996	959
2
357	8001
358	8025
2
357	7895
358	7917
2
357	2928
358	2945
2
357	9671
358	9693
2
357	7593
358	7616
2
73	6846
699	6890
2
577	112
586	83
2
296	12516
660	2211
3
20	1018
685	947
842	1484
2
376	2099
874	2093
2
480	14409
481	14819
2
418	760
1010	757
2
151	278
208	299
2
348	2041
830	777
2
282	2624
284	2443
2
148	5210
888	3064
2
11	3630
486	19077
2
430	2858
431	2317
3
481	8574
488	5463
524	7391
2
480	18934
481	19385
2
73	7628
699	7671
2
212	15744
275	15592
3
480	8278
481	8595
524	7412
2
212	8441
275	8268
2
213	5751
213	6622
2
499	8365
1018	8351
2
433	726
914	728
2
787	49
787	345
2
6	3297
17	2289
2
394	5602
520	2408
2
535	4123
1027	4082
2
212	15123
275	14967
2
212	1344
275	1168
2
294	0
294	655
2
148	4976
888	2833
2
219	11777
754	7384
2
738	2498
738	13803
2
28	1660
232	6164
2
115	9181
119	3718
3
480	12492
481	12900
975	1947
2
118	9852
714	10061
2
535	10290
1027	10257
2
282	3466
284	3305
3
809	81
871	60
875	207
2
572	3173
760	5891
2
535	4856
1027	4814
2
366	3058
488	4649
2
644	4841
644	18578
2
32	1883
1036	1498
2
212	10122
275	9955
2
11	11463
486	26954
2
22	2253
271	9484
2
22	3040
271	10296
2
212	3172
275	2983
2
713	12219
717	11691
2
461	3863
937	3300
2
480	19836
481	20296
2
316	2921
803	2970
2
713	7977
717	7498
2
753	142
753	6806
2
73	2147
699	2180
2
535	5956
1027	5907
2
418	891
1010	893
2
535	5331
1027	5277
2
480	12840
481	13248
2
394	4931
520	1736
2
365	103
365	1293
2
844	16
844	172
2
713	10224
717	9737
2
73	3212
699	3249
2
282	11291
284	11053
2
30	208
150	184
2
535	9249
1027	9197
2
978	758
992	875
2
87	2965
639	1656
2
535	2539
1027	2485
2
503	85
503	2363
2
212	10912
275	10746
2
118	7177
714	7379
2
73	3895
699	3956
2
431	3665
655	8922
2
357	8939
358	8957
2
535	14829
1027	14704
2
219	7101
754	8169
2
212	4350
275	4173
2
119	1847
993	13491
2
357	13771
358	13794
2
535	2876
1027	2827
2
118	2784
714	2683
2
535	15488
1027	15311
2
28	3471
344	1784
2
180	3538
742	3543
2
1082	4127
1082	4839
2
480	18816
481	19266
2
357	8575
358	8600
2
713	4545
717	4084
2
111	822
708	5597
2
836	12
836	2529
2
461	12580
937	12001
3
22	1100
282	13092
284	12864
2
480	1746
481	1750
2
978	4668
992	4776
2
316	2043
803	2094
2
94	5058
309	2145
2
527	1875
573	4262
2
760	4356
946	568
2
589	2952
605	2854
2
75	1849
425	1269
2
11	484
486	15928
2
316	2729
803	2780
2
219	4191
754	4282
2
527	1502
573	3885
2
316	1718
803	1770
2
316	7873
803	7999
2
348	2998
830	1593
2
22	2754
271	9998
2
212	2299
275	2127
2
589	4845
605	4731
2
212	6896
275	6719
2
219	2742
754	2833
2
25	1000
664	2098
2
1001	2002
1002	1170
2
978	2313
992	2426
2
995	2101
996	1987
2
82	757
668	1025
2
316	7689
803	7817
2
589	717
605	701
2
480	5557
975	1501
2
232	272
232	421
2
265	5665
573	1281
6
213	6164
550	2062
660	302
660	2601
660	4083
681	526
2
316	5277
803	5313
2
760	4494
946	707
2
485	4532
1074	18900
2
259	5657
259	9700
2
316	7776
803	7903
2
86	2031
248	2469
2
920	1006
922	860
2
20	5629
685	5547
2
357	10375
358	10397
2
405	1693
405	17358
2
282	809
284	657
2
282	6463
284	6267
2
430	5517
655	11403
2
679	12
679	174
2
6	1660
17	705
2
212	14689
275	14531
2
282	15073
284	14862
2
535	4689
1027	4646
2
461	4830
937	4267
2
589	1976
605	1958
2
713	6198
717	5723
2
480	16128
481	16547
2
11	6655
486	22117
2
272	1827
996	3296
2
102	2899
103	2712
2
316	4794
803	4831
2
663	22
663	195
2
778	20
778	186
2
376	1578
874	1573
2
572	3905
760	5407
2
709	252
711	269
2
461	7535
937	6970
2
237	1295
240	1349
2
670	0
987	0
2
212	5796
275	5615
2
212	1236
275	1060
2
524	3516
966	2678
2
20	7954
685	7899
2
219	8368
754	9438
3
19	1456
20	1956
685	1897
2
292	528
436	941
2
284	6
284	310
2
527	1165
573	3538
2
978	1830
992	1944
4
499	1490
499	2609
1018	1479
1018	2595
2
6	4199
17	3191
2
292	1259
436	1667
4
461	9393
461	12630
937	8818
937	12051
2
316	3218
803	3267
2
6	2941
17	1988
2
394	6185
520	2992
2
282	3845
284	3681
2
75	1247
425	666
2
282	1451
284	1294
2
119	1243
769	2874
2
25	3605
786	1962
2
42	7811
554	2905
2
20	5810
685	5734
2
461	3983
937	3421
2
669	0
669	348
2
282	17479
284	17247
2
480	18695
481	19141
2
282	10630
284	10389
2
54	4585
396	2822
2
219	4762
754	4853
2
978	6589
992	6666
2
237	2220
240	2277
2
330	1305
330	6501
2
554	182
554	3633
2
481	15713
975	2438
2
645	7922
645	8428
3
430	1703
431	1257
655	3213
2
995	2408
996	2290
2
480	11648
481	12050
3
165	317
517	299
979	178
2
282	16223
284	16011
2
589	2479
605	2381
4
376	7133
376	8783
874	7128
874	8771
3
22	1463
282	13454
284	13231
2
499	10704
1018	10714
2
30	1981
150	1983
2
225	222
270	374
2
146	2837
266	7366
2
535	12408
1027	12343
2
480	4773
481	4906
2
711	3509
750	2840
2
219	10827
754	11876
2
20	4138
685	4066
2
219	11445
754	7068
2
180	594
742	595
2
511	808
814	2471
2
1001	8938
1002	8117
2
219	4082
754	4172
2
289	8166
947	8137
2
376	7548
874	7541
2
701	2970
849	4612
2
235	162
235	4803
2
694	286
694	3752
2
219	7598
754	8672
2
1008	0
1008	96
2
1007	0
1007	103
2
533	3824
533	4222
2
383	81
383	4143
2
54	3394
396	1614
7
739	39
739	411
739	632
739	1380
739	1629
739	1850
739	2061
3
102	9990
103	9805
704	1220
2
316	7011
803	7145
2
28	1919
344	218
2
237	145
240	199
4
282	23
282	424
284	22
284	326
2
285	0
286	0
2
504	11
504	100
2
572	3304
930	62
2
589	235
605	218
2
480	10716
481	11117
2
499	8942
1018	8931
2
212	1111
275	934
2
289	3525
947	3497
2
483	18
483	1195
2
22	1025
284	12789
2
480	6371
481	6647
2
82	669
668	944
2
292	2488
436	2917
2
20	1396
685	1335
2
644	14742
644	18581
2
20	8866
685	8813
2
357	4188
358	4206
2
480	18002
481	18441
2
191	2242
198	3227
2
985	0
985	727
2
11	10385
486	25867
2
430	3439
655	7223
2
282	16305
284	16095
2
316	4644
803	4682
2
118	3125
714	3027
2
511	1307
814	2971
2
511	114
814	1780
2
511	1995
814	3665
2
282	8973
284	8767
2
293	1347
526	1333
2
713	8197
717	7714
2
490	8287
509	12430
4
739	406
739	627
739	1845
739	2056
2
265	6621
573	1132
2
713	2760
717	2274
2
978	5553
992	5658
2
758	508
758	1739
2
438	4611
439	4238
2
438	8216
439	7763
2
11	5436
486	20898
2
293	826
526	810
2
357	12206
358	12226
2
739	27
739	1368
2
357	14058
358	14081
2
713	4430
717	3970
2
713	8088
717	7607
2
25	3487
786	770
2
219	4655
754	4747
2
298	6657
768	5982
2
282	4416
284	4244
2
282	5171
284	4976
2
376	8251
874	8239
2
166	3173
166	5320
2
376	7480
874	7474
2
11	8366
486	23828
2
212	2901
275	2720
2
282	3671
284	3508
2
54	4136
396	2376
2
25	286
659	87
2
357	13989
358	14013
2
480	19466
481	19917
2
316	8042
803	8167
2
42	6200
554	1289
2
535	6035
1027	5984
2
548	752
549	559
2
289	7399
947	7368
2
330	3492
330	8653
2
330	4890
330	10041
2
713	6728
717	6244
3
480	15302
481	15719
975	2444
2
430	4894
655	9916
2
813	1291
814	1323
2
357	19143
358	19161
2
66	6733
335	2955
2
499	326
1018	315
2
713	7302
717	6818
2
511	497
814	2162
2
978	4993
992	5099
2
357	5365
358	5382
2
293	924
526	906
2
42	8119
554	3214
2
644	7094
644	14713
2
483	1099
973	373
2
282	14047
284	13826
2
366	3085
481	3248
2
713	7641
717	7161
2
293	1102
526	1085
2
28	2885
344	1193
2
289	2771
947	2742
2
219	10146
754	11210
2
289	1145
947	1117
2
480	2009
481	2016
2
480	9441
481	9834
2
713	8277
717	7795
2
25	1662
664	4443
2
282	5635
284	5428
2
219	5115
754	5203
4
213	6150
660	288
660	2587
660	4069
2
282	17196
284	16969
2
535	10221
1027	10183
2
430	4088
655	8635
2
212	3287
275	3097
2
121	3763
121	4141
2
713	10995
717	10492
2
734	4421
734	7455
2
438	4511
439	4137
2
995	1773
996	1662
2
282	9827
284	9617
2
282	11077
284	10831
2
978	2725
992	2837
2
20	7480
685	7424
3
480	410
481	410
482	16166
2
288	157
920	232
2
514	134
1034	210
2
296	12350
660	2037
2
94	4511
410	3690
2
850	6185
850	10885
2
530	349
530	1645
2
42	8320
554	3418
2
357	299
358	312
2
238	471
412	176
2
430	2133
655	4355
2
293	3456
526	3449
2
982	1049
984	1861
2
430	3772
655	7961
2
524	11777
1014	17020
5
213	6162
550	2060
660	300
660	2599
660	4081
2
219	11639
754	7263
2
118	2720
714	2618
2
713	2629
717	2141
2
107	264
107	2486
2
330	925
330	6123
2
73	3660
699	3705
2
757	1880
898	3076
3
572	3647
760	5146
930	408
2
713	9893
717	9408
2
237	5694
240	5726
2
118	14737
714	15367
2
480	15084
481	15496
2
282	1283
284	1128
2
1001	1348
1002	513
2
670	3794
987	3797
2
54	4046
396	2282
2
28	3044
344	1354
2
293	3027
526	2985
2
282	6257
284	6060
2
20	8581
685	8527
2
330	2712
330	7873
2
499	7398
1018	7384
2
850	9337
850	11218
3
480	12261
481	12669
975	1716
2
54	3547
396	1773
2
102	2560
103	2372
2
316	3052
803	3099
2
761	299
761	4751
2
357	6831
358	6849
2
289	9295
947	9260
2
430	4470
431	3739
2
480	4490
481	4593
2
289	8406
947	8376
2
711	1680
750	1016
2
499	6801
1018	6787
2
499	10979
1018	10990
2
282	8312
284	8092
2
713	9696
717	9210
3
19	1587
20	2085
685	2026
2
237	2445
240	2502
2
480	16947
481	17387
2
335	0
335	2586
2
1001	3774
1002	2941
2
535	5879
1027	5829
2
649	0
649	432
2
830	30
830	193
2
654	6655
654	6880
2
89	13512
509	8797
2
394	4181
520	985
2
405	1116
405	14379
2
231	662
892	917
3
19	1976
20	2475
685	2414
2
711	3221
750	2553
2
30	2844
150	2895
2
30	2572
150	2603
2
282	2747
284	2572
2
6	1545
17	591
2
118	666
714	478
2
11	4096
486	19547
2
293	3805
526	3798
2
535	3258
1027	3213
2
180	937
742	938
2
978	137
992	256
2
480	6702
481	6922
2
118	11044
714	11251
2
376	2863
874	2859
3
711	673
711	2812
750	2145
2
535	4002
1027	3960
2
11	10450
486	25933
2
22	2680
271	9924
2
431	4794
655	11445
2
133	7358
419	6348
2
796	3606
796	8247
2
298	6283
768	5601
2
30	972
150	967
3
711	1133
711	3258
750	2590
2
102	4487
103	4300
2
118	987
714	802
3
480	4348
481	4453
975	1236
3
430	3528
431	2893
655	7715
2
713	10627
717	10128
2
813	1180
814	1212
2
433	7808
914	7810
2
292	2320
436	2747
4
219	11204
219	11317
754	6845
754	6943
2
212	7672
275	7498
2
813	972
814	1004
2
934	0
934	484
2
430	7455
655	15732
2
480	12162
481	12567
3
19	1721
20	2218
685	2159
2
118	10916
714	11120
2
212	547
275	343
2
659	0
659	220
3
548	0
548	496
549	121
2
169	0
169	201
2
856	0
856	207
2
701	0
701	252
2
298	2053
768	917
2
438	6382
439	5940
2
148	7093
888	4942
3
111	1354
119	7355
708	6128
2
430	1929
656	8329
2
11	4161
486	19616
2
511	1134
814	2798
2
216	477
659	3624
2
82	548
668	824
2
711	2113
750	1449
2
118	13396
714	14007
2
282	4489
284	4318
2
212	13097
275	12934
2
480	79
481	79
2
548	2097
549	1901
2
438	6831
439	6376
2
86	1525
248	1452
2
212	3977
275	3796
2
11	11875
486	27367
2
405	647
405	9352
2
282	7718
284	7501
2
118	1155
714	973
3
710	7267
710	10648
710	11104
2
11	8618
486	24086
2
73	1219
699	1226
2
221	2403
269	9956
2
216	828
659	3973
2
11	9179
486	24659
2
542	8256
1043	7485
3
19	562
20	1054
685	983
2
357	7498
358	7519
2
87	2298
639	994
2
265	6189
573	691
2
11	1678
486	17129
2
710	7067
710	9740
2
572	2816
760	5535
2
180	1961
742	1965
2
535	16075
1027	15893
2
480	5952
481	6222
2
22	1986
299	4072
2
212	9151
275	8978
2
282	15343
284	15131
2
219	10228
754	11292
2
219	6745
754	7814
2
149	33
149	394
2
42	8255
554	3352
2
535	15891
1027	15712
2
107	339
107	2563
2
920	2189
922	2005
2
271	94
271	2705
2
523	96
523	3128
2
73	1901
699	1926
2
438	346
439	142
2
28	3214
344	1526
2
212	13749
271	13963
2
430	5989
655	12483
2
293	3201
526	3188
2
289	9645
947	9611
2
480	7005
481	7316
2
713	12005
717	11481
2
433	0
914	0
2
296	12179
660	1863
2
480	5724
481	5979
2
312	3889
789	2547
2
524	12720
966	1760
2
431	3863
655	9616
2
282	16952
284	16732
2
282	9057
284	8850
2
357	0
358	16
2
993	7442
993	7781
2
713	3302
717	2806
2
101	125
101	1632
2
6	1357
17	404
2
219	774
754	867
2
978	5065
992	5170
2
1022	243
1022	805
2
293	3879
526	3873
2
713	1455
717	932
2
282	9682
284	9471
3
644	7098
644	13822
644	14717
2
89	17451
509	10498
2
293	4151
526	4146
2
711	3993
750	3323
2
30	1359
150	1350
2
25	3970
786	2327
2
219	3893
754	3984
2
535	15397
1027	15221
2
979	1668
979	1913
2
282	8519
284	8312
2
486	10016
486	11099
2
293	3309
526	3297
2
633	0
633	87
2
73	2778
699	2812
2
710	7905
710	8368
2
485	3124
1074	13910
2
524	3662
1014	5879
2
461	3310
937	2748
2
118	2652
714	2548
3
430	4486
431	3755
655	9491
2
713	1097
717	575
2
212	9951
275	9784
2
438	4202
439	3906
2
51	0
51	194
2
197	0
197	183
2
118	4225
714	4170
2
12	11155
901	4202
2
118	6233
714	6284
2
68	0
68	416
2
293	401
526	389
7
850	5432
850	6199
850	7659
850	8624
850	9634
850	10428
850	10899
2
535	2692
1027	2642
2
535	12278
1027	12212
2
293	2029
526	1978
2
348	2167
830	903
4
94	3830
94	4374
410	2816
410	3552
2
572	0
572	448
2
22	2450
271	9687
2
438	4790
439	4408
2
535	14598
1027	14472
2
644	19797
645	18826
2
376	9606
874	9592
2
376	9194
874	9181
2
461	2250
937	1687
2
118	13050
714	13269
2
28	2779
344	1086
2
535	11951
1027	11883
2
361	0
361	340
2
664	0
664	264
2
363	0
363	290
2
280	0
280	329
2
446	159
446	4305
2
868	14
868	221
2
327	0
327	92
2
535	3353
1027	3307
2
480	14947
481	15359
2
376	875
874	871
3
499	1399
499	2516
1018	1388
2
107	428
838	225
2
713	9080
717	8597
2
118	14355
714	14974
2
307	102
1076	2
2
480	3544
481	3598
2
480	2867
481	2893
3
19	259
20	756
685	679
2
488	5597
681	1810
3
572	3427
760	4920
930	182
2
20	6408
685	6340
2
20	6509
685	6452
2
237	532
240	585
2
535	8711
1027	8652
2
282	15722
284	15512
2
30	793
150	783
2
430	3153
655	6871
2
42	5449
554	536
2
993	2574
993	13730
2
394	6029
520	2834
2
357	1133
358	1144
2
148	3610
888	1475
2
42	3841
75	170
2
28	2580
344	886
2
978	3321
992	3431
2
713	8420
717	7937
2
376	10082
874	10062
2
237	5305
240	5343
2
148	3098
888	964
2
160	1772
606	2786
2
94	136
94	3534
2
28	688
437	4600
2
282	2553
284	2374
2
293	1721
526	1669
2
876	115
1012	255
2
6	6341
17	5313
2
292	1387
436	1794
2
995	2932
996	2527
2
461	5024
937	4460
2
589	3330
605	3226
2
480	14646
481	15060
2
480	14551
481	14963
2
480	15962
481	16382
2
480	16785
481	17216
2
405	1567
405	16605
2
813	148
814	193
2
219	6248
754	6328
2
118	5146
714	5097
2
191	2840
198	3912
2
212	11192
275	11027
2
461	1971
937	1407
2
87	1885
639	589
2
430	9079
431	7286
2
474	0
474	3033
2
601	0
601	114
2
1001	1605
1002	770
2
920	1365
922	1206
2
42	5021
843	1136
2
535	7334
1027	7285
2
212	14052
275	13890
2
237	6506
240	6551
2
30	1473
150	1471
2
148	2334
888	203
2
376	1861
874	1857
2
993	7810
993	14654
2
1042	6632
1090	1095
2
0	11638
1014	18106
2
212	9437
275	9262
2
710	6100
710	9174
2
357	2783
358	2798
2
20	3504
685	3433
2
282	13605
284	13384
2
212	12263
275	12103
2
282	10176
284	9981
2
461	5304
937	4741
2
480	6862
481	7171
2
430	1611
655	3123
2
30	420
150	398
2
535	757
1027	730
2
713	5529
717	5061
2
390	3537
436	4817
2
438	2297
439	2083
2
282	10959
284	10715
2
265	6410
573	920
3
480	2289
481	2304
975	607
2
535	1962
1027	1921
2
282	6631
284	6433
2
213	5664
213	6540
2
978	4535
992	4644
2
73	1589
699	1604
2
920	518
922	386
2
438	951
439	745
2
438	7437
439	6980
2
535	4374
1027	4332
2
535	495
1027	466
2
766	301
767	251
2
19	934
20	1432
2
813	779
814	821
2
978	4915
992	5022
2
535	9438
1027	9387
2
219	7805
754	8875
2
316	2109
803	2164
2
187	0
187	267
2
433	7711
914	7715
2
535	15295
1027	15120
2
206	76
206	7078
2
713	4073
717	3617
2
272	3443
996	4103
2
981	27
981	516
2
87	3233
639	1920
2
701	2882
849	4529
2
499	11474
1018	11484
2
461	7778
937	7212
2
799	472
799	1614
2
261	1729
261	5695
2
66	0
66	473
2
20	8306
550	2168
2
326	0
326	219
6
850	6189
850	7649
850	8614
850	9624
850	10418
850	10889
2
212	5225
275	5038
8
428	372
513	252
514	234
515	380
749	275
783	364
924	226
1012	356
2
323	0
323	124
2
28	1187
437	5085
2
535	13588
1027	13493
2
316	6362
803	6504
2
282	3578
284	3416
2
282	12571
284	12337
2
1001	3947
1002	3113
2
480	7625
481	7941
2
380	0
380	175
2
535	10960
1027	10923
2
73	1835
699	1859
2
438	2685
439	2469
2
282	10557
284	10317
2
535	12805
1027	12736
2
282	11963
284	11726
3
28	2781
131	4228
344	1088
2
852	4946
852	7943
2
293	2793
526	2753
2
293	1518
526	1512
2
461	5095
937	4533
3
28	2355
131	3789
344	658
2
480	9564
481	9959
2
102	4860
103	4671
2
316	8134
803	8260
2
212	1719
275	1543
2
430	6087
655	12562
2
515	314
749	209
4
530	353
530	1114
530	1381
530	1649
2
296	11180
660	858
2
89	4230
509	11594
2
535	12665
1027	12600
2
130	1986
957	614
3
572	3331
760	4824
930	89
2
430	2413
655	5404
2
126	5225
126	20326
2
701	793
849	3684
2
282	6562
284	6367
2
42	7335
554	2433
4
310	142
310	304
310	470
310	631
2
480	16290
481	16722
2
237	5519
240	5551
3
366	3086
480	3202
481	3249
2
148	5129
888	2984
2
111	410
708	5183
2
118	523
714	333
2
316	7953
803	8079
3
28	2892
131	4338
344	1200
2
212	2106
275	1934
3
19	1891
20	2390
685	2329
3
430	1940
655	3910
656	8340
2
357	13234
358	13254
2
461	7968
937	7402
2
219	1789
754	1880
2
394	7593
520	4398
2
11	7040
486	22501
2
25	1371
664	2584
2
94	4266
410	3444
2
282	8188
284	7969
2
54	3624
396	1853
2
1001	6917
1002	6091
2
541	58
541	335
2
1001	1032
1002	196
2
524	2277
1014	2934
2
438	1127
439	913
2
219	4907
754	4996
2
86	2935
248	5245
2
480	18225
481	18668
2
11	9836
486	25319
2
293	1854
526	1800
2
1001	163
1002	104
2
19	1847
685	2285
2
430	1320
655	2665
2
73	4715
699	4766
2
535	8294
1027	8229
2
216	1440
659	4588
2
28	990
437	4895
3
572	3562
760	5061
930	323
2
222	2029
436	10761
2
883	137
883	2131
2
1010	126
1011	167
2
658	6294
658	7789
2
658	6406
658	7876
2
484	13090
484	16078
2
298	6513
768	5843
2
111	1271
708	6045
2
20	7284
685	7228
2
1001	7601
1002	6780
2
293	1958
526	1904
2
105	78
563	232
2
644	29
645	28
2
503	958
503	3125
2
499	10633
1018	10639
2
1001	8328
1002	7508
2
535	3426
1027	3384
2
292	2028
436	2458
2
189	781
199	4834
2
535	2256
1027	2203
2
32	656
1036	251
2
118	3223
714	3163
2
961	0
961	681
2
644	2262
645	2034
2
212	6711
275	6538
2
126	1754
126	8617
2
42	6071
554	1161
2
282	12957
284	12723
2
282	3304
284	3138
3
430	845
431	465
655	1465
2
219	4557
754	4649
2
811	0
811	166
2
216	1587
659	4737
2
995	1380
996	1277
2
682	416
795	323
2
275	7462
969	8833
2
480	1557
481	1561
2
87	1775
639	478
2
438	6199
439	5758
6
428	346
514	208
515	354
749	249
783	338
924	200
2
11	7746
486	23210
2
357	12389
358	12408
2
237	5433
240	5469
2
357	14525
358	14551
2
357	6504
358	6523
2
357	16050
358	16078
2
767	747
767	1214
2
460	0
460	403
2
316	6480
803	6617
2
289	10470
947	10435
2
237	6233
240	6276
2
118	6868
714	7072
2
118	8771
714	8982
2
535	4461
1027	4419
2
20	8439
685	8385
2
20	2808
685	2746
2
405	128
405	3573
2
42	4100
75	431
2
212	13588
275	13426
2
11	2697
486	18150
2
237	3864
240	3897
2
237	4023
240	4056
2
6	4994
17	3985
2
1001	9658
1002	8835
2
42	6425
554	1515
2
118	2539
714	2431
2
282	2441
284	2263
5
514	135
723	817
876	117
1012	257
1034	211
3
165	284
428	273
783	265
2
412	90
662	211
4
241	134
285	152
286	152
412	2021
3
220	77
228	4328
756	120
2
317	179
1079	332
3
753	218
763	353
766	110
2
223	122
225	178
3
755	105
789	375
789	2721
3
180	3645
194	3120
742	3650
2
876	307
1009	114
2
282	14764
284	14551
2
282	589
284	437
2
316	5498
803	5652
3
711	1250
711	3375
750	2707
2
282	14641
284	14430
2
86	1855
248	2273
2
212	6197
275	6015
2
711	4330
750	3662
2
713	7011
717	6525
2
282	16153
284	15942
2
25	570
664	1361
2
499	10823
1018	10833
2
480	13891
481	14301
2
478	16629
479	16171
2
282	4155
284	3987
2
216	2866
659	6064
2
670	4208
987	4209
2
480	6074
481	6348
2
118	258
714	80
3
480	14290
481	14701
975	2161
2
118	7788
714	7991
2
212	8292
275	8117
2
118	2954
714	2855
2
282	13859
284	13639
2
219	6387
754	6466
2
589	1149
605	1136
2
216	1143
659	4289
2
480	4336
481	4441
2
461	10381
937	9810
2
20	4294
685	4227
2
713	2949
717	2462
2
357	762
358	773
2
330	3398
330	8558
2
20	4562
685	4494
2
73	6550
699	6601
2
444	6856
444	7228
2
535	3832
1027	3791
3
212	6985
275	6808
969	8688
2
212	5119
275	4932
2
73	4801
699	4852
2
925	24
925	632
2
20	8184
685	8130
2
118	5681
714	5732
2
216	1826
659	5019
2
316	7451
803	7585
2
130	2120
957	747
2
535	10408
1027	10374
2
829	34
829	216
2
237	1703
240	1760
2
73	6940
699	6981
2
73	7210
699	7248
2
713	5808
717	5339
2
971	250
971	1814
2
30	1042
150	1038
2
525	4846
525	5118
2
535	8186
1027	8124
2
316	3760
803	3812
2
282	5727
284	5521
2
289	6383
947	6353
2
282	10771
284	10529
2
316	6853
803	6982
2
219	4998
754	5085
2
42	5266
554	353
2
760	4739
930	0
2
318	0
318	267
2
289	4456
947	4428
2
537	183
537	8024
2
295	24158
982	10989
2
212	7590
275	7418
2
212	4577
275	4402
2
701	2126
849	4203
2
480	903
481	904
2
357	229
358	242
2
30	2334
150	2341
2
394	7361
520	4166
2
75	1125
425	543
2
212	4763
275	4593
2
610	7957
993	15333
2
212	5484
275	5302
2
1001	2522
1002	1690
2
535	9010
1027	8955
2
980	84
980	700
2
216	1892
659	5086
2
499	11363
1018	11374
2
713	3917
717	3461
2
713	3557
717	3100
2
89	17624
509	10670
3
19	1360
20	1859
685	1800
2
535	15607
1027	15431
2
212	1597
275	1419
2
73	5865
699	5915
2
282	7069
284	6860
2
535	11494
1027	11428
2
165	282
783	263
2
282	1165
284	1011
2
118	9584
714	9797
2
212	2401
275	2228
2
357	10509
358	10529
3
376	7744
376	7989
874	7739
2
535	3594
1027	3554
2
535	8631
1027	8576
2
237	3665
240	3697
2
813	397
814	442
2
430	5614
655	11502
2
480	19663
481	20116
2
430	1693
431	1247
2
289	10734
947	10697
2
145	4653
265	613
2
73	8064
699	8098
2
461	1737
937	1174
2
357	16321
358	16351
2
282	7507
284	7294
2
130	1420
957	48
2
145	4887
265	843
2
87	2647
639	1343
2
1041	136
1041	344
2
30	614
150	597
2
118	12485
714	12703
2
42	5631
554	719
2
87	2849
639	1542
2
25	1496
664	3464
2
444	7059
444	17203
2
548	857
549	664
2
589	3894
605	3778
2
316	2244
803	2299
2
87	3310
639	1995
2
11	8854
486	24330
2
535	5563
1027	5508
2
54	6
54	292
4
376	5937
376	7140
874	5934
874	7135
2
461	8228
937	7657
2
535	13366
1027	13282
2
511	1734
814	3398
