2
120	365173
163	57813
2
1214	1469752
3029	579253
2
1214	1480720
3029	590140
2
1205	15460
3022	15737
2
894	483006
895	482280
2
806	6119
807	6194
2
1214	1387805
3029	497264
2
1065	41705
2855	163858
2
1212	30254
1775	0
2
286	375
292	375
2
894	480662
895	479949
2
795	238467
796	9254
2
1183	21106
1184	149065
2
1410	20228
1638	19838
2
1214	514481
3056	17651
2
894	48533
895	48485
2
529	15332
2088	25497
2
427	11391
1130	999
2
1204	22533
1210	70974
2
9	0
3022	0
2
1114	19
2900	0
2
1410	143984
1638	143538
2
795	244264
796	15067
2
737	93928
1627	93903
2
737	71876
1627	71808
2
1435	396275
1438	905084
2
473	1351
2052	1354
2
1214	1045202
3029	154333
2
1214	1384135
3029	493595
2
592	169680
1620	169504
2
1214	1432589
3029	542070
2
1292	3678
3405	614528
2
894	160559
895	160210
2
592	81349
1620	81449
2
531	33101
2088	246596
2
1214	959666
3029	68947
2
846	36238
848	40440
2
118	10073
119	10229
2
894	584286
895	583388
2
1410	68005
1638	67608
2
1438	463324
1589	215
2
1730	8933
3405	714988
2
1239	113267
1243	49846
2
1214	1326696
3029	436113
2
894	446342
895	445661
2
119	290340
462	13501
2
120	379369
163	71956
2
769	0
2587	0
2
1353	292528
1658	922
2
1200	11331
3031	10051
2
894	272295
895	271735
2
1479	863084
1482	16806
2
1435	33912
1438	542195
2
894	286510
895	285932
2
1377	4032
3217	4045
4
1920	914
1923	934
2165	4558
3503	951
2
1214	733180
3056	236785
2
1632	16529
2612	16532
4
331	916
1917	965
1918	910
1921	916
2
1054	242
1793	243
2
901	6924
912	6910
2
894	969619
895	968327
2
873	5662
874	5683
2
1626	92936
2492	70311
2
747	1931
2506	0
2
1214	879276
3056	378099
2
1200	49916
3031	46862
2
531	28793
2088	242287
2
894	131272
895	130949
2
118	79203
119	82058
2
894	709233
895	708181
2
894	177190
895	176756
2
894	369775
895	369125
2
894	23190
895	23165
2
1214	1228870
3029	338251
2
120	373444
163	66038
2
894	56101
895	56021
2
1328	40842
3171	40621
2
1065	20884
2855	142985
2
894	326504
895	325860
2
1214	1325545
3029	434965
2
1214	599236
3056	102647
2
1214	1080863
3029	190029
2
894	643866
895	642869
2
346	965
1935	992
2
1626	87368
2492	64742
2
531	56163
2088	269657
2
2233	763
2234	751
2
1359	9890
1360	65959
2
1277	6251
1278	11799
2
894	163208
895	162834
2
894	555654
895	554775
2
894	285235
895	284659
2
1277	39536
1278	41238
2
531	70247
2088	283685
2
894	745201
895	744129
2
1239	118067
1243	54647
2
1205	5169
3022	5440
2
2084	24323
2088	119098
2
675	2071
676	2072
2
1237	80635
1248	81097
2
1239	78982
1243	15547
2
1214	1381805
3029	491264
2
894	233923
895	233471
2
769	9645
2587	9648
2
1214	1391019
3029	500480
2
531	97171
2088	310600
2
1214	1063276
3029	172439
2
737	92406
1627	92379
2
1410	52506
1638	52115
2
592	5271
1620	5912
2
592	54112
1620	54522
2
679	199
2969	168
2
1214	967263
3029	76379
2
1632	18855
2612	18854
2
1214	580436
3056	83831
2
894	197615
895	197175
2
894	134114
895	133786
2
127	24187
1099	23973
2
941	35445
1254	35443
2
791	20359
2609	20519
2
894	528815
895	527946
2
529	11281
2088	21447
2
1214	1282705
3029	392120
2
1293	0
3120	0
2
185	2506
1777	2537
2
1435	200155
1438	708573
2
1214	850324
3056	349161
2
1214	575425
3056	78815
2
531	7426
2088	220924
2
1108	2198
1500	124317
2
1694	41
1853	84
2
2084	4152
2088	98706
2
894	261789
895	261308
2
1214	785908
3056	284657
2
2457	0
2458	0
3
643	29
2459	0
2460	0
2
2462	0
2463	0
2
1065	34325
2855	156469
2
1353	248949
1658	30444
2
1065	0
2855	122050
2
1353	291611
1658	0
2
531	108653
2088	322061
2
1238	23174
1239	24210
2
1214	1441111
3029	550601
2
1070	5947
1072	5473
2
1360	51136
3197	43382
2
518	8797
519	6327
2
1537	72894
3444	78661
2
529	25984
2088	36156
2
1537	103237
3444	109071
2
267	1010
268	787
2
1360	54794
3197	47050
2
1410	157041
1638	156601
2
1435	302316
1438	811070
2
1214	536654
3056	39900
2
118	65509
119	68347
2
737	17443
1627	17288
2
1430	3488
1439	659866
2
806	28623
807	28692
2
191	1613
1026	922
2
1214	1280472
3029	389891
2
894	572272
895	571387
2
592	4325
1620	4965
2
531	125992
2088	339402
2
1051	6185
2847	192805
2
1204	5250
1210	4306
2
1410	18362
1638	17974
2
1626	62693
2492	40093
2
1214	781775
3056	280515
2
1214	792255
3056	291043
2
1214	1500337
3029	609716
2
1479	878709
1482	32463
2
1529	148106
1530	51151
2
894	974947
895	973677
2
1435	180131
1438	688506
2
1204	31483
1210	79962
2
231	14358
234	159620
2
791	50098
2609	50265
2
894	909719
895	908388
2
1212	112268
1775	82264
2
894	68444
895	68366
2
1214	1330979
3029	440393
2
382	44455
384	37500
2
894	395326
895	394667
2
894	697978
895	696928
2
1430	23416
1439	679806
2
1435	108430
1438	616746
2
1353	299901
1658	8308
2
894	591540
895	590618
2
1435	110034
1438	618359
2
1065	36869
2855	159014
2
894	173850
895	173414
2
1204	69901
1210	49381
2
1204	18280
1210	66714
2
1214	1374596
3029	484047
2
1435	144726
1438	653060
2
941	30552
1254	30631
2
1214	753333
3056	256928
2
1214	1187153
3029	296197
3
9	19740
1205	19466
3022	19745
2
529	44190
2088	54363
2
737	61217
1627	61104
2
1358	21937
1360	290773
2
1214	1055078
3029	164228
2
118	97013
119	99875
2
894	270914
895	270392
2
894	696533
895	695489
2
1501	19611
1663	39209
2
941	149793
1254	148980
2
1420	37449
1438	481140
2
894	640860
895	639863
2
791	47413
2609	47574
2
529	34693
2088	44861
2
1377	14141
3217	14142
2
917	49281
928	53005
2
1360	35637
3197	27884
2
1435	326126
1438	834880
2
846	12636
848	16846
2
894	511445
895	510664
2
1435	313306
1438	822061
2
769	23586
2587	23594
2
894	239272
895	238817
2
737	18667
1627	18512
2
1410	54783
1638	54389
2
1214	1466505
3029	575997
2
1537	118941
3444	124749
2
1065	20354
2855	142454
2
737	81310
1627	81260
2
120	363372
163	56021
2
531	43583
2088	257082
2
1435	244641
1438	753356
2
1435	35643
1438	543926
2
1214	560841
3056	64181
2
1410	41163
1638	40771
2
1200	36169
3031	33138
2
1200	5199
3031	4499
2
1200	46643
3031	43591
2
427	19001
1130	8597
2
1204	66327
1210	45805
2
1200	2574
3031	2375
2
791	40864
2609	41030
2
941	20760
1254	20904
2
1410	90180
1638	89762
2
1626	68010
2492	45402
2
894	638780
895	637787
2
1002	2409
1503	11165
2
894	715091
895	714038
2
592	92457
1620	92522
2
1410	82356
1638	81943
2
1214	1504458
3029	613837
2
488	0
499	4695
2
118	178688
119	181572
2
1856	5361
2291	901
2
1237	11918
1248	11945
2
1359	10683
1360	66745
2
894	929230
895	927892
2
1359	80234
1360	136187
2
1065	42717
2855	164870
2
1358	49746
1360	318601
2
1212	57881
1775	27681
2
894	6496
895	6484
2
68	33745
1956	1261
2
1360	31071
3197	23311
2
791	44483
2609	44646
2
1214	1149685
3029	258670
2
894	703586
895	702535
2
1626	1007
2492	1008
3
569	12
2215	12
2216	0
2
2212	0
2213	14
2
559	0
2356	0
2
769	44209
2587	44231
2
737	55989
1627	55873
2
1214	1113511
3029	222723
2
1360	245799
3189	12520
2
894	41230
895	41201
2
1435	276884
1438	785632
2
894	833802
895	832608
2
1328	34162
3171	33934
2
1214	796810
3056	295608
2
1114	21817
2900	21969
2
1114	28086
2900	28288
2
1114	24120
2900	24285
2
1114	23474
2900	23633
2
1114	27235
2900	27430
2
1632	35017
2612	34995
2
1214	1257108
3029	366531
2
118	220434
119	223351
2
1214	708672
3056	212279
2
795	248234
796	19028
2
120	317772
163	10524
2
873	3857
874	3876
2
894	108931
895	108663
2
1353	307804
1658	16209
2
1137	0
2932	0
2
427	10567
1130	178
2
2084	12829
2088	107407
2
1214	1058323
3029	167479
2
2841	2632
2992	0
2
1212	82926
1775	52812
2
1529	77366
1531	80655
2
919	30953
926	30663
2
791	9378
2609	9526
2
1379	86572
3500	2398
2
1435	17895
1438	526108
3
2060	0
2997	45
2998	0
2
894	169850
895	169466
2
2274	27
2275	26
2
1435	312602
1438	821358
2
1435	296990
1438	805743
2
1200	45689
3031	42634
2
327	2919
1911	2915
2
1537	157975
3444	163881
2
68	3789
1689	0
2
1410	3342
1638	2943
2
3039	1072
3067	1210
2
1353	253340
1658	34834
2
1435	196271
1438	704687
2
1435	135814
1438	644142
2
874	7560
878	8093
2
1214	1395308
3029	504785
2
1214	691725
3056	195329
2
381	4339
382	4384
2
737	85172
1627	85132
2
531	92804
2088	306238
2
894	184873
895	184417
2
2072	1222
3405	512635
2
1435	27205
1438	535490
2
1649	9888
3053	9887
2
1204	74199
1210	53687
2
1328	45417
3171	45204
2
118	224904
119	227815
2
92	553976
1804	14527
2
1214	1111412
3029	220625
2
1065	28477
2855	150584
2
1214	1324606
3029	434023
2
1214	685392
3056	188991
2
1435	118491
1438	626821
2
737	9999
1627	9841
2
1410	86320
1638	85902
2
1237	25954
1248	26058
2
894	562234
895	561351
2
1239	80175
1243	16742
2
1360	237145
3189	3865
2
1065	59108
2855	181303
2
2975	236
3323	84
2
1575	2303
3477	1543
2
1214	973079
3029	82182
2
941	86956
1254	86452
2
1239	112452
1243	49032
2
894	911295
895	909963
2
1239	101997
1243	38569
2
1649	8385
3053	8384
2
118	36274
119	39037
3
569	968
2215	967
2216	956
2
1529	55132
1531	58378
2
769	63428
2587	63851
2
1212	72512
1775	42339
2
348	1007
1684	1010
2
1214	971284
3029	80393
2
592	14972
1620	15602
2
1214	884122
3056	382951
2
894	323065
895	322427
2
1537	61690
3444	67456
2
381	7148
382	7190
2
592	53294
1620	53707
2
1430	31501
1439	687880
2
1435	281875
1438	790622
2
1328	64898
3171	64706
2
1359	44971
1360	101031
2
1410	55912
1638	55519
2
1435	142180
1438	650512
2
3512	3837
3513	3383
2
1359	36887
1360	92956
2
1214	819861
3056	318682
2
1214	1059220
3029	168378
2
894	719376
895	718323
2
1328	58645
3171	58443
2
1328	23241
3171	23004
2
1438	482432
1589	19187
2
1537	75465
3444	81234
2
791	52872
2609	53041
2
531	80505
2088	293944
2
267	220
268	0
2
707	0
1626	15956
2
894	663348
895	662323
2
1065	32284
2855	154396
2
1360	237737
3189	4457
2
120	371668
163	64260
2
1353	290220
1658	71716
2
894	213573
895	213130
2
1214	1185825
3029	294867
2
917	32561
928	36295
2
1328	40120
3171	39898
2
529	53443
2088	63635
2
791	18562
2609	18723
2
531	122439
2088	335848
2
737	46631
1627	46496
2
1375	137086
1375	151006
2
231	30201
234	175463
2
894	607622
895	606676
2
531	113192
2088	326599
2
864	0
2493	0
2
1410	167662
1638	167230
2
1435	65042
1438	573317
2
769	75740
2587	76306
2
1214	726410
3056	230009
2
118	234372
119	237230
2
894	556689
895	555817
2
894	10006
895	9987
2
1537	22601
3444	28324
2
118	179523
119	182407
3
873	14809
874	14831
878	15381
2
894	955246
895	953898
2
941	42328
1254	42311
2
941	99920
1254	99390
2
1212	76297
1775	46125
2
1626	39095
2492	16541
2
1358	48959
1360	317814
2
1529	9952
1531	8519
2
1529	50127
1531	53373
2
1626	15346
2492	15342
2
1214	730431
3056	234038
3
9	52493
1205	52085
3022	52502
2
1529	104540
1530	7667
2
1353	290935
1658	72433
2
1214	893232
3029	2402
2
120	334927
163	27664
2
3362	0
3363	0
2
3366	0
3367	0
2
1359	118064
1360	173999
2
1529	11752
1531	10324
2
1239	117136
1243	53715
2
894	265673
895	265185
2
1239	96048
1243	32619
2
941	60589
1254	60311
2
127	29772
1099	29557
2
175	0
3413	0
2
894	679446
895	678402
2
118	70191
119	73038
2
1537	42290
3444	48021
2
2084	34246
2088	129244
2
1214	1485041
3029	594458
2
917	13660
928	17393
2
2087	33174
2088	182672
2
119	313323
462	36468
2
1430	38255
1439	694644
2
1214	1359367
3029	468812
2
1214	728136
3056	231736
2
1328	17787
3171	17547
2
1214	1290440
3029	399855
2
941	59011
1254	58734
2
894	147232
895	146894
2
1214	859226
3056	358031
2
1359	26626
1360	82690
2
1214	624935
3056	128364
2
185	5887
1777	5929
2
894	112815
895	112541
2
1359	34236
1360	90299
2
3364	1307
3365	1392
2
769	16283
2587	16287
2
118	265999
119	268872
2
518	15474
519	13007
2
1214	848594
3056	347430
2
529	23292
2088	33464
2
1065	11414
2855	133488
2
1410	103080
1638	102628
2
1435	175663
1438	684028
2
1626	1798
2492	1797
2
1212	70161
1775	39985
2
1435	367804
1438	876609
2
1479	888309
1482	42121
2
1649	7084
3053	7084
2
1214	904006
3029	13192
2
529	31816
2088	41984
2
529	24942
2088	35114
2
1632	13070
2612	13077
2
1114	29146
2900	29347
2
894	278198
895	277627
2
53	5006
2490	1077
2
894	135898
895	135566
2
894	299919
895	299311
2
1537	77603
3444	83377
2
1360	249060
3189	15791
2
894	162633
895	162258
2
1359	69890
1360	125840
2
24	16105
24	821930
2
1435	291352
1438	800104
2
1214	1456841
3029	566327
2
919	69690
926	69217
2
2087	31854
2088	181355
2
1923	43
2165	3670
2
1864	1112
1899	55
2
1435	262068
1438	770817
2
1038	0
2827	19
2
1360	239217
3189	5936
2
737	47727
1627	47604
2
1214	724478
3056	228077
2
1200	56520
3031	53467
2
2377	0
2378	0
2
1196	2636
3026	2637
2
1183	27203
1184	155103
2
118	264586
119	267454
2
118	81702
119	84558
2
1479	892105
1482	45899
2
1214	1467497
3029	576990
2
1410	66302
1638	65904
2
941	28377
1254	28457
2
1410	74174
1638	73773
2
118	105238
119	108116
2
1537	93189
3444	98970
2
994	91668
2704	31425
2
994	81741
2704	21516
2
994	79651
2704	19427
2
2084	15517
2088	110123
2
1328	32421
3171	32191
2
1410	73038
1638	72638
2
941	112233
1254	111560
2
1214	1418127
3029	527616
2
1214	1091007
3029	200171
2
1430	11133
1439	667513
2
1328	38250
3171	38027
2
1360	22358
3197	14597
2
769	89368
2587	89944
2
846	34121
848	38322
2
1214	1212113
3029	321164
2
1214	974806
3029	83904
2
737	63056
1627	62942
2
1214	577001
3056	80392
2
431	943
1476	2149
2
592	31611
1620	32174
2
769	80547
2587	81115
2
1214	710226
3056	213834
2
118	33036
119	35828
2
1410	12607
1638	12221
2
1214	547374
3056	50567
2
1214	1494003
3029	603379
2
1359	103325
1360	159275
2
737	16094
1627	15939
2
894	939375
895	938031
2
531	16026
2088	229519
2
1537	110116
3444	115923
2
118	57202
119	60020
2
1214	1073163
3029	182326
2
894	733244
895	732174
2
707	15687
1626	31639
2
737	26901
1627	26742
2
1214	1455188
3029	564674
2
917	664
928	4401
2
919	585
926	588
2
531	148023
2088	361417
2
1435	187838
1438	696222
2
1410	77670
1638	77263
2
231	29213
234	174479
2
737	28545
1627	28386
2
1626	75836
2492	53221
2
1114	33296
2900	33569
2
1435	10060
1438	518266
2
1410	142399
1638	141946
2
529	16677
2088	26845
2
1358	38178
1360	307023
2
1435	295199
1438	803951
2
1214	1027592
3029	136709
2
1537	120561
3444	126375
2
531	71887
2088	285327
2
1328	8524
3171	8280
2
1237	46258
1248	46469
2
1359	43741
1360	99808
2
1214	1499570
3029	608950
2
339	1300
1927	1169
2
791	25985
2609	26144
2
1359	63841
1360	119790
2
1214	1397962
3029	507446
2
894	38688
895	38659
2
1239	110740
1243	47317
2
737	65566
1627	65455
2
894	673477
895	672442
2
941	97749
1254	97223
2
1358	32950
1360	301792
2
1435	389491
1438	898299
2
1239	76476
1243	13042
2
531	159018
2088	372403
2
9	26647
3022	26654
2
1214	767693
3056	271276
2
894	866926
895	865730
2
529	9471
2088	19636
2
1626	45127
2492	22568
2
1214	1473626
3029	583124
2
1214	1074002
3029	183168
2
1214	1364112
3029	473564
2
1377	49609
3217	49594
2
231	35862
234	181126
2
930	12994
2707	12969
2
1632	25497
2612	25490
2
1693	788
1905	834
2
1328	19480
3171	19241
2
919	16542
926	16364
2
1214	1476943
3029	586360
2
894	479956
895	479248
2
894	330876
895	330232
2
1358	41989
1360	310843
2
1214	990402
3029	99491
2
152	10371
152	111637
2
58	4587
58	13837
2
1851	55
1852	0
2
1537	85109
3444	90886
2
1503	5580
3407	7023
2
1214	845862
3056	344708
2
894	290403
895	289811
2
592	93143
1620	93210
2
1214	1252035
3029	361445
2
1626	81784
2492	59166
2
894	606419
895	605474
2
1435	287927
1438	796675
2
1626	123601
2492	100961
2
531	52375
2088	265870
2
1410	78994
1638	78587
2
529	26592
2088	36764
2
1435	421
1438	508535
2
529	0
2088	10172
2
1632	27607
2612	27599
2
644	0
1966	0
2
1214	1496682
3029	606059
2
518	45739
519	43321
2
1200	1227
3031	1103
2
531	76133
2088	289574
2
1065	49701
2855	171864
2
1410	14222
1638	13834
2
118	161866
119	164749
2
119	292283
462	15441
2
1435	50949
1438	559232
2
587	225468
2533	19567
2
1435	333042
1438	841800
2
1214	1167475
3029	276540
2
917	25071
928	28807
2
941	82088
1254	81682
2
1353	309033
1658	17438
2
1438	488036
1589	24745
2
1529	37006
1531	40225
2
1214	770643
3056	274232
2
592	103184
1620	103238
2
1529	45211
1531	48443
2
941	104618
1254	104076
2
894	448811
895	448132
2
894	958313
895	956963
2
1529	173543
1530	76600
2
1328	73202
3171	73026
2
1353	279989
1658	61492
2
531	127099
2088	340507
2
894	135329
895	135000
2
1204	41210
1210	21886
2
518	23649
519	21192
2
894	815387
895	814220
2
894	576350
895	575465
2
1212	102746
1775	72667
2
1237	7156
1248	7143
2
901	48366
912	48286
2
917	42261
928	45988
2
1214	655759
3056	159265
2
1212	35879
1775	5665
2
2564	54
3453	42685
2
592	170865
1620	170689
2
1214	637797
3056	141213
2
1214	1027043
3029	136161
2
1529	134665
1530	37730
2
2084	23009
2088	117740
2
1031	0
2819	0
2
1435	285026
1438	793773
2
1360	17276
3197	9504
2
1410	96350
1638	95905
2
894	772738
895	771624
2
354	206
1946	238
2
1410	91649
1638	91225
2
1435	392936
1438	901744
2
1410	174665
1638	174235
3
9	28867
1205	28565
3022	28875
2
1435	360025
1438	868821
2
2877	3288
2877	4579
2
118	216693
119	219608
2
118	204496
119	207403
2
901	1996
912	1969
2
930	5400
2707	5406
2
1214	1500948
3029	610326
2
1214	843881
3056	342723
2
1410	106549
1638	106095
2
1065	31311
2855	153423
2
1328	979
3171	727
2
1359	77456
1360	133415
2
1214	1156414
3029	265466
2
119	298615
462	21775
3
9	31767
1205	31466
3022	31778
2
894	492419
895	491653
2
1065	7643
2855	129713
2
1214	612685
3056	116103
2
1435	198238
1438	706654
2
1214	918722
3029	27949
2
1214	827746
3056	326565
2
382	2174
384	51512
2
1632	56218
2612	56190
2
1410	74789
1638	74385
2
327	0
1911	0
2
1925	0
1926	0
2
1328	55768
3171	55566
2
1214	808819
3056	307662
2
894	432112
895	431438
2
894	965383
895	964094
2
1830	0
1831	0
2
231	1597
234	146856
2
894	807987
895	806826
2
1435	383332
1438	892141
3
338	1172
339	1312
1927	1181
2
518	75995
519	73590
2
1214	1337568
3029	446994
2
1214	1415112
3029	524600
2
1205	53754
3022	54174
2
1214	1508910
3029	618284
2
1435	250258
1438	759002
2
1214	1185304
3029	294345
2
1537	135892
3444	141742
2
1212	78876
1775	48716
2
894	477206
895	476509
3
9	2182
1205	1910
3022	2183
2
1529	179248
1530	82313
2
1537	94074
3444	99856
2
894	423904
895	423236
2
127	11984
1099	11762
2
1537	7362
3444	13092
2
118	232741
119	235601
2
1360	9942
3197	318
2
941	78140
1254	77731
2
1204	57740
1210	37810
2
1626	116125
2492	93490
2
1379	84638
3500	466
2
1410	131586
1638	131131
2
1277	70423
1278	69291
2
120	326070
163	18824
2
894	754318
895	753235
2
303	1240
1867	783
2
118	1739
119	1902
2
1359	67012
1360	122965
2
1328	105373
3171	105232
2
579	1865
2221	2347
2
894	230510
895	230058
2
1359	85227
1360	141175
2
1212	71576
1775	41401
2
1214	719943
3056	223540
2
1410	108440
1638	107984
2
707	20317
1626	36269
2
1575	17538
3477	16784
2
1214	1329609
3029	439021
2
1214	594951
3056	98359
2
791	10181
2609	10330
2
1204	19588
1210	68022
2
1435	138094
1438	646426
3
9	5855
1205	5586
3022	5857
2
518	70792
519	68377
2
1214	1049395
3029	158533
2
1239	101101
1243	37671
2
1214	578185
3056	81577
2
894	247427
895	246969
2
894	282560
895	281990
2
1065	65787
2855	187992
2
118	86614
119	89472
2
2055	8
2056	145
2
1214	832187
3056	331017
2
1379	88314
3500	4128
2
529	63827
2088	74021
2
530	4086
2088	84538
2
769	3782
2587	3773
2
1214	1371296
3029	480750
2
588	492142
2294	1174
2
1002	6010
2327	1543
2
1204	47215
1210	27695
2
119	304522
462	27670
3
1925	1092
1926	1093
1990	7328
2
592	165876
1620	165706
2
1214	1277707
3029	387123
2
882	29312
2688	45435
2
769	77879
2587	78445
2
894	758843
895	757755
2
118	45302
119	48104
2
1114	30263
2900	30466
2
901	66375
912	66298
2
118	148026
119	150929
2
1503	4178
3407	5619
3
9	16037
1205	15764
3022	16041
2
1214	1266129
3029	375542
2
894	780836
895	779713
2
894	724082
895	723029
2
894	853196
895	852011
2
1114	18007
2900	18085
2
1065	68322
2855	190530
2
1435	197421
1438	705837
2
2128	243
2308	0
2
2666	15
3090	0
2
2410	0
2411	0
2
650	6609
2281	0
2
549	0
2148	0
2
2341	0
2342	0
2
894	114902
895	114589
2
569	0
2215	0
2
2354	0
2355	0
2
791	23664
2609	23824
2
1435	271101
1438	779851
2
894	309172
895	308555
2
1377	18923
3217	18920
2
1065	13515
2855	135590
2
1214	1462171
3029	571660
2
2105	0
2106	0
2
605	3193
609	3228
2
1626	55685
2492	33116
2
1328	95507
3171	95345
2
1214	1004624
3029	113735
3
685	0
2787	0
2788	0
2
2402	0
2435	0
2
737	84010
1627	83967
2
894	5845
895	5833
2
1632	6252
2612	6253
2
1214	699439
3056	203044
2
737	7570
1627	7413
2
806	17712
807	17784
2
894	352770
895	352120
2
284	1847
1846	1844
2
1551	1915
3452	1923
3
2376	47
2377	18
2378	18
2
2873	47
2874	33
2
894	510067
895	509291
2
1214	713861
3056	217456
2
1214	1276501
3029	385916
2
1435	245875
1438	754621
2
769	59659
2587	60078
2
476	0
2151	0
2
300	0
1874	0
2
1923	661
2165	4285
2
531	19835
2088	233330
2
531	100030
2088	313457
2
2087	42010
2088	191573
2
894	194667
895	194214
2
901	26698
912	26697
2
894	582831
895	581932
2
1353	285821
1658	67318
2
592	69358
1620	69653
2
1065	69214
2855	191424
2
894	970619
895	969327
2
119	287492
462	10654
2
529	6804
2088	16976
2
1430	8696
1439	665075
2
2084	37620
2088	132695
2
894	284289
895	283718
2
3104	43214
3104	46512
2
529	27241
2088	37413
2
1359	72017
1360	127971
2
529	19857
2088	30026
2
769	36450
2587	36468
2
846	51977
848	56176
2
1214	1160709
3029	269765
2
1435	194272
1438	702684
2
1435	380834
1438	889642
2
1214	559283
3056	62624
2
531	48735
2088	262233
2
894	815988
895	814820
2
1340	7376
3184	7315
2
1214	568707
3056	72066
2
894	487078
895	486320
2
1575	3466
3477	2705
2
894	892696
895	891395
2
894	275191
895	274625
2
119	316782
462	39936
2
894	760405
895	759315
2
1214	1076908
3029	186072
2
1328	93730
3171	93564
2
894	901748
895	900421
2
531	154175
2088	367563
3
9	48490
1205	48142
3022	48498
2
1214	628757
3056	132160
2
579	641
2221	1122
2
407	7062
2733	4537
2
592	122318
1620	122257
2
1065	4384
2855	126456
2
1214	1297115
3029	406530
2
1410	19174
1638	18785
2
1205	13966
3022	14243
2
1214	1265449
3029	374859
2
930	3530
2707	3532
2
2087	8542
2088	157984
2
2084	51911
2088	147251
2
1529	12650
1531	11220
2
1328	109651
3171	109512
2
118	119481
119	122353
2
1212	52413
1775	22202
2
894	29671
895	29643
2
118	56418
119	59232
2
1214	907273
3029	16469
2
1430	14404
1439	670785
2
1205	53039
3022	53457
2
119	296403
462	19563
2
1501	16694
1663	36292
2
118	194612
119	197470
2
894	858841
895	857654
2
592	213090
1620	212882
2
1237	91807
1248	92322
2
1626	64587
2492	41981
2
894	103643
895	103382
3
334	775
865	5830
1912	963
2
531	103718
2088	317144
2
529	35906
2088	46075
2
894	826771
895	825579
2
592	148566
1620	148395
2
1214	544870
3056	48064
2
118	42569
119	45363
2
1537	54780
3444	60555
2
894	472211
895	471516
3
338	1886
339	2074
1927	1884
2
902	8430
3403	199973
2
1352	1990
1360	5185
2
1410	109023
1638	108566
2
894	296845
895	296237
2
1252	2080
3151	2075
2
1214	552347
3056	55673
2
894	17700
895	17679
2
1626	131517
2492	108875
2
1632	13882
2612	13889
2
427	34805
1130	24338
2
641	1049
1624	1050
2
118	212443
119	215359
2
1420	26562
1589	13994
2
1420	10832
1589	6339
2
894	535219
895	534347
2
427	3889
3402	3735
2
1360	267449
3190	12468
2
894	45462
895	45428
2
894	438639
895	437960
2
1537	46775
3444	52544
2
1328	79910
3171	79736
2
1626	85271
2492	62644
2
894	674694
895	673654
2
119	307007
462	30161
2
1479	847716
1482	1486
2
737	72901
1627	72834
2
1051	11587
2847	198216
2
894	553991
895	553113
2
737	15225
1627	15069
2
267	8068
268	7846
2
1214	1287635
3029	397050
2
1214	1153661
3029	262655
2
1214	1198697
3029	307743
2
1214	840462
3056	339297
2
231	36871
234	182135
2
1214	623778
3056	127204
2
592	203453
1620	203246
2
118	74299
119	77146
2
901	16190
912	16182
2
791	12116
2609	12271
2
1266	3994
1268	3439
2
1529	84900
1531	88186
2
901	45231
912	45149
2
894	7463
895	7452
2
2087	24149
2088	173599
2
795	239185
796	9973
2
1632	46516
2612	46483
2
1632	8269
2612	8271
2
941	15004
1254	15181
2
1479	874361
1482	28107
2
1200	3435
3031	3245
2
894	25265
895	25236
2
894	659148
895	658132
2
795	261528
796	32331
2
1529	23546
1531	26772
2
1359	105263
1360	161217
2
1065	40381
2855	162535
2
1435	13547
1438	521754
2
1435	370438
1438	879245
2
1214	501450
3056	4602
2
1435	180777
1438	689155
2
1410	3878
1638	3480
2
917	20137
928	23876
2
1435	211275
1438	719691
2
846	16483
848	20692
2
1359	62347
1360	118297
2
1117	60991
1403	290763
2
737	35960
1627	35809
2
894	241969
895	241512
2
1214	1480178
3029	589598
2
1410	147019
1638	146573
2
894	368653
895	368003
2
1065	64187
2855	186387
2
2084	10249
2088	104830
2
118	237378
119	240231
2
2084	13959
2088	108562
2
894	508162
895	507390
2
1204	25655
1210	74115
2
894	767182
895	766063
2
894	836515
895	835321
2
1328	57768
3171	57569
2
1435	340712
1438	849501
2
894	613244
895	612280
2
846	3993
848	8197
2
894	665116
895	664089
2
941	71737
1254	71354
2
118	172300
119	175180
2
1237	81645
1248	82105
2
894	201697
895	201254
2
2087	22695
2088	172142
2
894	478403
895	477705
2
894	580801
895	579904
2
118	143014
119	145913
2
1214	1361590
3029	471038
2
894	486254
895	485498
2
894	775699
895	774584
2
118	142108
119	145007
2
118	185372
119	188242
2
118	188421
119	191277
2
894	707821
895	706770
2
894	585065
895	584166
2
1214	852386
3056	351225
2
994	94187
2704	33959
2
231	18866
234	164110
2
127	22072
1099	21858
2
118	208532
119	211451
2
1410	120641
1638	120183
2
930	4512
2707	4514
2
1214	1099893
3029	209073
2
592	38586
1620	39109
2
2485	2665
2486	2299
2
894	924349
895	923014
2
1065	45780
2855	167934
2
1435	148274
1438	656608
2
846	53694
848	57895
2
328	16015
1909	16722
2
1214	545540
3056	48735
2
894	570047
895	569164
2
1537	126621
3444	132452
2
120	329942
163	22688
2
1212	61555
1775	31365
2
1204	10922
1210	9999
2
1214	651955
3056	155447
2
1632	31719
2612	31700
2
1214	860731
3056	359536
2
894	148446
895	148107
2
120	328039
163	20787
2
1632	39874
2612	39855
2
1328	93117
3171	92952
2
894	312024
895	311406
2
1529	75335
1531	78617
2
1503	13328
3407	14744
2
875	385394
2986	55086
2
769	1273
2587	1264
2
894	889367
895	888070
2
894	579435
895	578549
2
894	485046
895	484315
2
894	212853
895	212410
2
941	105641
1254	105096
2
1529	15021
1531	18244
2
1172	1386
2984	1398
2
917	52871
928	56596
2
917	50292
928	54015
2
1328	103433
3171	103292
2
1204	83634
1210	63079
2
1328	12333
3171	12090
2
894	810358
895	809197
2
1214	1478521
3029	587939
2
1212	92135
1775	62037
2
1353	319792
1658	28165
2
531	39712
2088	253212
2
1435	78377
1438	586659
2
901	33313
912	33272
2
1114	8483
2900	8456
2
894	456899
895	456210
2
941	95624
1254	95102
2
1214	658522
3056	162032
2
1705	696
3535	688
2
276	134
1839	95
2
284	0
1846	0
2
302	0
1880	0
2
348	0
1684	0
2
1214	610047
3056	113457
2
1214	693193
3056	196797
2
1435	54805
1438	563087
2
1214	523540
3056	26773
2
1435	204463
1438	712881
2
1212	101658
1775	71579
2
894	105081
895	104820
2
1435	289417
1438	798166
2
1435	7055
1438	515260
2
1214	1411581
3029	521083
2
610	6
2422	23
2
118	190258
119	193125
2
894	482175
895	481450
2
1537	147420
3444	153303
2
1537	6481
3444	12212
2
531	128935
2088	342341
2
1214	895135
3029	4309
2
894	51937
895	51858
2
1214	807232
3056	306072
2
1214	694632
3056	198236
2
1214	927208
3029	36454
2
120	313248
163	6002
2
1878	25
1879	23
2
1435	74611
1438	582890
2
127	32336
1099	32120
2
427	3989
1343	424
2
592	160772
1620	160602
2
994	92569
2704	32330
2
1435	90592
1438	598884
2
118	144949
119	147849
2
3395	779
3396	778
2
118	146222
119	149126
2
941	141237
1254	140426
2
1237	42299
1248	42504
2
120	349450
163	42111
2
231	20298
234	165541
2
894	936654
895	935311
2
901	39715
912	39664
2
1214	1377898
3029	487354
2
1632	21802
2612	21801
2
894	522249
895	521384
2
1291	4386
3405	600054
2
894	670021
895	668995
2
1435	298328
1438	807082
2
917	10821
928	14555
2
846	33100
848	37301
2
1328	44226
3171	44005
2
1435	79768
1438	588050
2
1328	27345
3171	27114
2
1435	348467
1438	857259
2
1214	734745
3056	238352
2
894	661220
895	660202
2
120	312170
163	4918
2
1529	187672
1530	90721
2
1214	984913
3029	94009
3
9	22996
1205	22716
3022	23002
2
1377	43262
3217	43251
2
2457	797
2458	794
2
1212	70837
1775	40661
2
1537	153034
3444	158933
2
557	181
2118	182
2
127	25569
1099	25355
2
894	441715
895	441033
2
769	10254
2587	10256
2
1237	62896
1248	63220
3
373	457
1500	124241
3260	456
2
1252	3028
3151	3022
2
120	342845
163	35524
2
894	793546
895	792409
2
894	801066
895	799927
2
1214	1282044
3029	391463
2
1214	761444
3056	265039
2
894	273957
895	273393
2
1212	97147
1775	67058
2
1214	1352440
3029	461876
2
1410	48246
1638	47853
2
894	645833
895	644836
2
894	652232
895	651229
2
1214	1293479
3029	402895
2
1410	162579
1638	162148
2
1881	3231
2077	2432
2
894	356632
895	355980
2
328	3811
1909	3736
2
894	814339
895	813173
2
894	245885
895	245428
2
1212	69197
1775	39019
2
1214	1305611
3029	415024
2
894	954357
895	953012
2
894	712797
895	711744
2
894	532237
895	531373
2
1410	23408
1638	23018
2
1214	1455761
3029	565249
2
919	33656
926	33358
2
1114	22900
2900	23053
2
894	797194
895	796055
2
1212	55596
1775	25391
2
1214	579127
3056	82521
2
1214	1209972
3029	319020
2
1435	107178
1438	615495
2
894	59298
895	59222
2
1214	1172341
3029	281406
2
1377	21337
3217	21330
2
1529	74140
1531	77420
2
917	62316
928	66039
2
806	32354
807	32424
2
1214	997911
3029	107038
2
118	233744
119	236603
2
1626	12852
2492	12850
2
930	7796
2707	7796
2
679	11787
2969	11746
2
1328	35954
3171	35728
2
1214	1205068
3029	314130
2
118	262106
119	264968
2
1214	1409780
3029	519284
2
1435	139001
1438	647332
2
941	101407
1254	100873
2
846	37842
848	42043
2
917	23833
928	27570
2
894	827339
895	826146
2
1214	1511680
3029	621062
2
1435	297566
1438	806320
2
1212	121799
1775	91808
2
531	67710
2088	281149
2
1626	109473
2492	86844
3
9	23930
1205	23647
3022	23936
2
1537	112733
3444	118540
2
1214	930305
3029	39553
2
587	224953
2533	19053
2
1626	111788
2492	89158
2
119	288620
462	11781
2
894	425865
895	425195
2
894	151299
895	150951
2
120	356751
163	49395
2
1214	1385660
3029	495118
2
118	168958
119	171843
2
994	97651
2704	37423
2
1214	888513
3056	387383
2
120	355712
163	48355
2
894	63315
895	63236
2
873	12784
874	12806
2
119	303681
462	26837
2
118	51792
119	54596
2
119	305864
462	29012
2
894	681343
895	680300
2
118	245994
119	248835
2
1501	13527
1663	33126
2
894	27430
895	27400
2
118	227370
119	230272
2
1214	1086332
3029	195494
2
894	887296
895	886000
2
1435	86689
1438	594979
2
1214	1349470
3029	458902
2
1214	1356655
3029	466096
2
1214	1272997
3029	382412
2
3039	4690
3067	4826
2
592	6726
1620	7365
2
894	973451
895	972192
2
1479	885762
1482	39572
2
894	649620
895	648618
2
518	26471
519	24021
2
1626	11487
2492	11486
2
1307	1524
3134	1947
2
1537	48916
3444	54686
2
1435	189185
1438	697573
2
1206	6975
1215	162652
2
9	14407
3022	14413
2
919	54385
926	53975
2
1435	73606
1438	581886
2
1359	13455
1360	69516
2
769	12489
2587	12494
2
1435	252597
1438	761343
2
327	1463
1911	1460
2
592	194427
1620	194221
2
3512	7431
3513	6978
2
894	672003
895	670977
2
2087	60196
2088	209794
2
894	667470
895	666444
2
518	44962
519	42544
2
1634	3940
1892	3798
3
724	2653
724	3445
724	4370
2
894	899851
895	898521
2
1214	1304667
3029	414079
2
1328	54753
3171	54551
2
518	24205
519	21749
2
894	495852
895	495085
2
1626	122961
2492	100321
2
1277	20140
1278	25391
2
1214	877012
3056	375830
2
1051	17847
2847	203821
2
531	74097
2088	287538
2
9	30212
3022	30223
2
1214	583643
3056	87051
2
1214	1170293
3029	279356
2
894	525205
895	524339
2
894	588609
895	587711
2
1214	824571
3056	323390
2
873	19348
874	19381
2
1410	183721
1638	183293
2
1214	1102590
3029	211774
2
118	135800
119	138684
2
901	18097
912	18091
2
2124	271
3405	402734
2
806	0
807	0
2
1885	9761
1931	9203
2
587	437568
2533	29018
2
1537	105180
3444	111019
2
1214	1457416
3029	566904
2
1410	24206
1638	23816
2
846	4561
848	8766
2
1529	38560
1531	41782
2
1214	1023332
3029	132447
2
1214	516215
3056	19419
2
1435	92473
1438	600765
2
894	167544
895	167161
2
1214	684492
3056	188092
2
1649	11741
3053	11741
2
1214	690128
3056	193730
2
1214	512364
3056	15527
2
57	4185
3059	39265
2
901	46558
912	46480
2
1410	11502
1638	11112
2
640	0
2451	0
2
1214	508201
3056	11360
2
1626	78165
2492	55547
2
1626	2914
2492	2911
2
3104	44743
3104	47886
2
2084	5388
2088	99946
2
1435	280986
1438	789733
2
118	175778
119	178665
2
1410	159470
1638	159036
2
592	153873
1620	153718
2
531	152750
2088	366139
2
9	6819
1205	6547
2
1438	489586
1589	26293
2
3269	3585
3270	3553
2
769	60696
2587	61113
2
1214	924925
3029	34164
2
531	13613
2088	227108
2
941	131227
1254	130432
2
846	3044
848	7249
2
1435	400170
1438	908978
2
518	49112
519	46694
2
894	806749
895	805594
2
64	1635
3403	349569
2
894	690185
895	689141
2
1214	1201932
3029	310986
2
1212	91484
1775	61385
2
894	930321
895	928982
2
894	263464
895	262976
2
917	33291
928	37021
2
518	34459
519	32028
2
1435	378498
1438	887309
2
2087	5385
2088	154835
2
3200	14461
3201	14071
2
118	250226
119	253082
2
1626	244
2492	245
2
1065	60783
2855	182979
2
1435	114187
1438	622514
2
531	158172
2088	371557
2
1214	869980
3056	368785
2
1359	83948
1360	139897
2
941	98958
1254	98430
2
769	69867
2587	70394
2
846	32092
848	36294
2
118	207732
119	210655
2
1214	1069194
3029	178358
2
1529	68006
1531	71273
2
884	819
3319	775
2
1214	613781
3056	117199
3
9	39860
1205	39541
3022	39868
2
941	37885
1254	37877
2
3072	282
3186	1183
2
1214	672767
3056	176315
2
1212	117172
1775	87178
2
1626	41158
2492	18603
2
1214	910712
3029	19914
2
1377	40076
3217	40065
2
1537	79720
3444	85491
2
1307	2545
3134	2671
2
1626	117264
2492	94628
2
118	52330
119	55134
2
1237	29528
1248	29649
2
1237	24979
1248	25084
2
118	107639
119	110516
2
1214	525434
3056	28672
2
288	1285
1858	1284
2
288	22
3496	22
2
2084	36267
2088	131313
2
1214	1269845
3029	379262
2
118	149477
119	152380
2
941	55317
1254	55039
3
873	17272
874	17301
878	17849
2
120	327405
163	20154
2
1237	86352
1248	86833
2
1537	30338
3444	36064
2
1214	778212
3056	276975
2
1501	6160
1663	25758
2
1214	618007
3056	121418
2
894	874724
895	873518
2
919	39131
926	38808
2
1537	56635
3444	62411
2
1212	67023
1775	36841
2
894	848903
895	847708
2
9	21383
3022	21389
2
894	107220
895	106958
2
894	237147
895	236693
2
894	475122
895	474424
2
592	164176
1620	164002
2
1529	18444
1531	21663
2
427	21642
1130	11230
2
1435	147302
1438	655635
2
531	61352
2088	274806
2
994	93193
2704	32962
2
529	30490
2088	40660
2
1054	793
1793	795
2
1328	116028
3171	115940
2
1435	233169
1438	741877
2
1212	32035
1775	1807
2
531	156124
2088	369510
2
1214	1227410
3029	336803
2
1435	41630
1438	549911
2
1214	1090059
3029	199223
2
919	36566
926	36257
2
941	13455
1254	13632
2
1214	1157608
3029	266660
2
1214	970075
3029	79182
2
919	5350
926	5350
2
1214	921518
3029	30747
2
1435	89290
1438	597583
2
3039	8713
3067	8810
2
1410	65031
1638	64633
2
707	740
1626	16696
2
328	13840
1909	14078
2
1142	9995
2935	9345
2
1435	261055
1438	769804
2
531	94846
2088	308278
2
1237	61610
1248	61937
2
1237	14366
1248	14414
2
1214	1039524
3029	148643
2
1214	949888
3029	59179
2
1353	276520
1658	58020
2
2084	26927
2088	121811
2
1438	478276
1589	15064
2
120	351967
163	44621
2
791	7747
2609	7893
2
737	53539
1627	53419
2
1212	75255
1775	45082
2
994	65052
2704	4844
2
1435	322752
1438	831506
2
1214	1288347
3029	397763
2
1632	60169
2612	60137
2
1410	87512
1638	87094
2
382	37717
384	38691
2
1214	1409229
3029	518729
2
1214	794888
3056	293683
2
1214	1448337
3029	557818
2
2084	29541
2088	124476
2
1214	806064
3056	304901
2
846	27627
848	31831
2
1537	39063
3444	44790
2
846	15132
848	19341
2
1183	15025
1184	142943
2
737	89250
1627	89217
2
1352	393
1360	3587
2
894	129650
895	129327
2
2084	26252
2088	121101
2
1183	22846
1184	150807
2
894	302977
895	302367
2
120	358094
163	50737
2
1537	59418
3444	65185
2
1537	52574
3444	58347
2
846	24770
848	28976
2
120	364658
163	57299
2
846	45323
848	49522
2
28	12384
1201	30272
2
529	57782
2088	67977
2
1626	132650
2492	110006
2
1237	43102
1248	43308
2
1537	96657
3444	102449
2
791	46256
2609	46417
2
1002	206
2772	66
2
531	57967
2088	271461
2
1435	275494
1438	784241
2
737	75515
1627	75456
2
1214	866689
3056	365489
2
1410	84220
1638	83807
2
1214	520703
3056	23922
2
1626	89178
2492	66552
2
894	225184
895	224737
2
1360	247132
3189	13855
2
530	333
2088	80815
2
1214	1338455
3029	447881
2
592	10091
1620	10736
2
1114	45598
2900	45863
2
737	68806
1627	68739
2
1435	350829
1438	859623
2
1214	593112
3056	96520
2
894	688394
895	687350
2
846	25394
848	29600
2
1626	7261
2492	7259
2
1328	110907
3171	110769
2
1626	118604
2492	95966
2
1214	805325
3056	304161
2
531	148865
2088	362255
2
28	3615
1201	21450
2
118	165916
119	168799
2
917	16534
928	20271
2
28	6731
1201	24580
2
1359	134080
1360	189998
2
118	26821
119	29584
2
118	59167
119	61985
2
118	39386
119	42151
2
1328	89362
3171	89195
2
1214	1024869
3029	133986
2
61	906
3218	428
2
1626	97891
2492	75249
2
1214	522436
3056	25661
2
592	157695
1620	157537
2
1237	66662
1248	67001
2
1435	307310
1438	816065
2
1214	1362990
3029	472439
2
1214	964711
3029	73833
2
9	45403
3022	45411
2
592	143052
1620	142899
2
1214	1242861
3029	352269
2
1377	45252
3217	45239
2
1626	14067
2492	14063
2
531	25869
2088	239364
2
894	614851
895	613884
2
118	192883
119	195745
2
1212	33801
1775	3576
2
1360	26542
3197	18776
2
1212	39032
1775	8819
2
531	139396
2088	352789
2
769	29060
2587	29071
2
894	190549
895	190095
2
1114	2968
2900	2948
2
1142	12911
2935	12266
2
917	27530
928	31265
2
118	126665
119	129554
2
894	817762
895	816590
2
427	17645
1130	7243
2
2087	51590
2088	201175
2
894	530646
895	529783
2
806	9084
807	9159
2
1503	14241
3407	15651
2
1200	14245
3031	12383
2
1214	642347
3056	145811
2
1214	1434093
3029	543576
2
894	538282
895	537410
2
1051	7558
2847	194178
2
231	22148
234	167397
2
1114	10970
2900	10946
2
1206	6236
1215	161909
2
791	1125
2609	1263
2
901	65156
912	65069
2
427	13971
1130	3577
2
529	44810
2088	54984
2
2087	44651
2088	194208
2
1537	78796
3444	84568
2
1142	846
2935	201
2
791	21413
2609	21574
2
791	56774
2609	56933
2
894	787898
895	786761
2
231	12377
234	157632
2
791	14986
2609	15146
2
1438	504401
1589	40942
2
894	799317
895	798177
2
3168	764
3169	762
2
2212	1923
2213	1937
2
1925	713
1926	714
2
1360	258778
3190	3848
2
120	319700
163	12450
2
1214	902629
3029	11814
2
1537	67874
3444	73645
2
1114	14091
2900	14080
2
1214	944175
3029	53470
2
1214	1053077
3029	162224
2
1214	1083687
3029	192850
2
791	57593
2609	57752
2
1114	7652
2900	7628
2
120	310206
163	2956
2
1051	16110
2847	202087
2
120	307784
163	533
2
118	121771
119	124648
2
592	181612
1620	181378
2
1537	27975
3444	33703
2
894	613927
895	612959
2
894	599966
895	599039
2
894	107739
895	107476
2
2087	38169
2088	187670
2
1575	12767
3477	12010
2
518	12600
519	10144
2
894	820216
895	819024
2
1172	160
2984	195
2
1214	1188663
3029	297705
2
919	21427
926	21237
2
894	720397
895	719344
2
1214	1376125
3029	485580
2
1575	6037
3477	5278
2
1142	7015
2935	6373
2
1410	111575
1638	111116
2
1214	1175773
3029	284845
2
1214	1118622
3029	227854
2
894	473178
895	472482
2
1214	1000987
3029	110103
2
1214	968445
3029	77557
2
1239	108674
1243	45249
2
994	62142
2704	1928
2
930	269
2707	270
2
1353	274737
1658	56237
2
894	816988
895	815814
2
1214	1171180
3029	280245
2
1214	1121661
3029	230899
2
1537	36779
3444	42504
2
598	32869
3085	1089
2
118	93531
119	96394
2
1359	52023
1360	108074
2
1537	15219
3444	20941
2
1537	35775
3444	41502
2
902	2579
3403	194101
2
1214	1357841
3029	467286
2
185	478
1777	483
2
1214	1067232
3029	176396
2
531	140372
2088	353766
2
1479	853356
1482	7129
2
2084	19410
2088	114082
2
1214	1050479
3029	159619
2
1214	633874
3056	137287
2
917	63754
928	67479
2
769	85118
2587	85685
2
1065	54199
2855	176386
2
941	152518
1254	151701
2
118	127603
119	130494
2
1328	3505
3171	3254
2
1537	21919
3444	27641
2
1438	494636
1589	31270
2
1435	119723
1438	628054
2
9	3122
3022	3124
2
941	120108
1254	119436
2
1360	23077
3197	15316
2
118	183736
119	186606
2
894	701524
895	700474
2
894	932605
895	931264
2
1410	169235
1638	168803
2
1529	24934
1531	28159
2
1212	93796
1775	63702
2
1214	1011410
3029	120524
2
791	35480
2609	35641
2
1410	150667
1638	150223
2
1214	686659
3056	190266
2
1214	1354630
3029	464066
2
791	39770
2609	39934
2
531	154972
2088	368361
2
118	108595
119	111472
2
894	490387
895	489625
2
524	10220
662	10011
2
373	424
3260	423
2
707	11768
1626	27722
2
1537	145055
3444	150933
2
1410	59928
1638	59535
2
791	5859
2609	6004
2
1632	42626
2612	42609
2
894	58664
895	58586
2
1291	5217
3405	600886
2
1214	915711
3029	24930
2
650	5650
1127	898
2
675	2778
676	2781
2
9	50007
3022	50017
2
1137	832
2932	831
2
118	16988
119	19695
2
919	23518
926	23314
2
1359	65858
1360	121811
2
894	653724
895	652720
2
1626	91863
2492	69237
2
1529	53640
1531	56885
2
118	248019
119	250862
2
894	861201
895	860008
2
118	167894
119	170780
2
683	3091
1068	3603
2
1205	40845
3022	41174
2
1183	4129
1184	131978
2
118	48150
119	50951
2
894	21842
895	21819
2
1214	1253100
3029	362512
2
894	307634
895	307022
2
3039	7895
3067	7993
2
1360	214501
3195	19807
2
118	33584
119	36376
2
1359	53533
1360	109586
2
769	28367
2587	28375
2
769	76440
2587	77005
2
1328	100741
3171	100582
2
1214	938626
3029	47903
2
737	44537
1627	44388
2
1410	39223
1638	38831
2
1214	1412286
3029	521781
2
1114	37162
2900	37425
2
1359	14932
1360	70991
2
1058	3540
2850	3543
2
118	156305
119	159212
3
9	47286
1205	46939
3022	47294
2
1739	2886
2592	376
2
1359	41333
1360	97403
2
118	249337
119	252192
2
1051	21455
2847	207436
3
9	14916
1205	14644
3022	14922
2
1537	50591
3444	56360
2
118	92894
119	95759
2
894	768465
895	767345
2
846	46333
848	50527
2
592	129483
1620	129374
2
1328	64052
3171	63860
2
1626	83969
2492	61346
2
1065	23443
2855	145545
2
1435	110800
1438	619126
2
1214	1421302
3029	530788
2
894	888480
895	887183
2
592	126613
1620	126531
2
1328	41963
3171	41741
2
1353	268525
1658	50022
2
1214	880559
3056	379381
2
1214	1125373
3029	234617
2
795	243539
796	14341
2
118	171301
119	174182
2
894	71412
895	71265
2
1204	82860
1210	62304
2
1214	671670
3056	175217
2
120	338612
163	31337
2
1435	268176
1438	776927
2
1277	84853
1278	81747
2
791	16736
2609	16898
2
1214	1369554
3029	479007
2
917	28565
928	32301
2
1537	47512
3444	53282
2
1358	27144
1360	295984
2
28	5666
1201	23517
2
1214	959143
3029	68425
2
99	67694
2774	6424
2
1051	9073
2847	195700
2
1435	214056
1438	722476
2
894	527803
895	526934
2
1435	205891
1438	714308
2
894	582264
895	581364
2
1537	70235
3444	76005
2
118	29746
119	32526
2
267	3604
268	3380
3
3162	1884
3163	1883
3164	1884
2
120	350401
163	43058
2
1359	65229
1360	121182
2
118	245389
119	248231
2
1238	21050
1239	22084
2
1214	643744
3056	147211
2
592	86890
1620	86985
2
894	443009
895	442329
2
1065	2685
2855	124755
2
894	752489
895	751411
2
1626	44274
2492	21716
2
1537	53987
3444	59761
3
300	64
1874	64
1875	65
2
1307	387
3134	809
2
1214	926302
3029	35543
2
894	748131
895	747054
2
1358	11046
1360	279880
2
917	60934
928	64657
2
1214	1513215
3029	622592
2
737	23410
1627	23253
2
1277	105610
1278	97517
2
1537	145587
3444	151464
2
1537	152487
3444	158384
2
1214	1489441
3029	598855
2
919	4360
926	4357
2
1214	1015118
3029	124244
2
3310	1442
3311	1438
2
1632	682
2612	683
2
1214	863579
3056	362370
2
592	155888
1620	155729
2
1537	3088
3444	8815
2
846	8081
848	12288
2
1214	1053731
3029	162879
2
1214	947183
3029	56473
2
1239	116526
1243	53105
2
1435	271941
1438	780692
2
737	35159
1627	35006
2
119	314815
462	37966
2
1435	57713
1438	565994
2
894	280565
895	279992
2
1214	1358392
3029	467837
2
994	100303
2704	40091
2
531	12653
2088	226148
2
1435	220682
1438	729102
2
894	833129
895	831937
2
769	74951
2587	75516
2
529	41718
2088	51891
2
894	805749
895	804596
2
1214	952326
3029	61618
2
737	24342
1627	24184
2
1435	42510
1438	550791
2
894	563121
895	562238
2
1943	663
2969	8273
2
119	294437
462	17596
2
1359	49784
1360	105833
2
118	164072
119	166955
2
118	112981
119	115856
2
592	102196
1620	102254
2
118	71148
119	73993
2
1435	328918
1438	837675
2
2084	47371
2088	142650
2
9	2046
3022	2047
2
118	246959
119	249801
2
1626	67404
2492	44797
2
1214	587669
3056	91083
2
894	322552
895	321915
2
592	57600
1620	57996
2
2084	41099
2088	136224
2
1200	41911
3031	38840
2
1435	155303
1438	663660
2
2243	396
3405	485379
2
335	863
336	864
2
1065	48439
2855	170602
2
1214	1430368
3029	539851
2
1239	86896
1243	23466
2
1359	58076
1360	114109
2
769	55830
2587	56174
3
288	286
1858	286
3496	286
2
1430	20607
1439	676992
2
894	940835
895	939490
2
1435	67351
1438	575626
2
1204	38840
1210	19710
2
1435	210041
1438	718457
2
1435	265757
1438	774506
2
894	724783
895	723729
2
1359	38157
1360	94227
2
1214	677807
3056	181398
2
894	895518
895	894193
2
1328	16936
3171	16694
2
894	743014
895	741942
2
1142	4829
2935	4190
3
9	50853
1205	50472
3022	50863
2
68	56377
1816	1711
2
119	281900
462	5065
2
1204	42140
1210	22817
2
286	957
292	958
2
795	232454
796	3252
2
1214	688412
3056	192015
2
120	336214
163	28943
2
1214	1037890
3029	147008
2
1632	28705
2612	28686
2
1435	360806
1438	869604
2
529	62592
2088	72786
2
894	122013
895	121690
2
1705	73
3535	70
2
1537	62794
3444	68569
2
2405	0
2406	0
2
901	56801
912	56720
2
1537	45701
3444	51469
2
1196	0
3026	0
2
1649	0
3053	0
2
1214	1070045
3029	179214
2
592	24120
1620	24703
2
1214	920405
3029	29633
2
894	905591
895	904265
2
1410	69130
1638	68734
2
1529	135606
1530	38669
2
1214	507552
3056	10710
2
941	106644
1254	106068
2
3039	3926
3067	4061
2
894	694808
895	693764
2
1279	7885
1279	134085
2
1237	43916
1248	44121
2
1359	93274
1360	149215
2
1204	40365
1210	21037
2
894	648619
895	647618
2
118	203225
119	206132
2
1377	8039
3217	8049
2
1435	288661
1438	797410
2
1435	344979
1438	853768
2
873	2163
878	2705
2
1214	960529
3029	69810
2
1529	127761
1530	30789
2
737	25788
1627	25630
2
791	37476
2609	37635
3
42	7700
1730	7665
3405	713714
3
873	11336
874	11362
878	11905
2
737	63957
1627	63844
2
118	132596
119	135482
2
1277	92264
1278	87224
2
901	37649
912	37596
3
1108	2399
1500	124518
1503	18032
2
1537	106648
3444	112487
2
1204	43787
1210	24463
2
518	65541
519	63131
2
518	77597
519	75195
2
1435	102827
1438	611126
2
894	32611
895	32584
2
1649	2808
3053	2809
2
894	529891
895	529022
2
894	187132
895	186677
2
901	73772
912	73656
2
1377	41940
3217	41928
2
919	61738
926	61279
2
1237	493
1248	448
2
1214	564555
3056	67904
2
1238	22582
1239	23617
2
118	120428
119	123301
2
592	214082
1620	213873
2
592	167500
1620	167328
2
737	29999
1627	29843
2
1430	30738
1439	687117
2
118	213561
119	216476
2
427	15077
1130	4681
2
1277	1926
1278	7074
2
917	17261
928	20998
2
120	370498
163	63091
2
261	11103
427	1542
2
1214	1410426
3029	519927
2
1529	39127
1531	42348
2
1410	4623
1638	4226
2
894	704818
895	703770
2
1114	44148
2900	44409
2
1204	28710
1210	77182
2
894	906440
895	905115
2
894	80952
895	80757
3
9	27178
1205	26879
3022	27185
2
1626	124493
2492	101851
2
1435	157518
1438	665876
2
894	57911
895	57830
2
894	70470
895	70325
2
941	21433
1254	21576
2
2084	7484
2088	102055
2
873	2591
874	2606
2
1410	9427
1638	9034
2
1626	101419
2492	78786
2
1410	2440
1638	2040
2
518	67268
519	64855
2
769	88399
2587	88972
2
894	919879
895	918545
2
737	66785
1627	66718
2
2087	9781
2088	159227
2
894	434563
895	433888
2
1237	30753
1248	30883
2
1214	1342752
3029	452178
2
1730	3352
3405	709414
2
1214	1035841
3029	144958
2
2087	1990
2088	151452
2
994	77130
2704	16895
2
994	76384
2704	16147
2
1214	1043132
3029	152257
2
1277	87871
1278	84121
2
1503	2505
3407	3944
3
9	868
1205	584
3022	868
2
769	67921
2587	68446
2
1435	176213
1438	684579
2
1214	1318071
3029	427485
2
1214	1427250
3029	536732
2
894	913333
895	912001
2
894	765800
895	764709
2
1137	5849
2932	5971
2
2105	1044
2106	1043
2
894	258202
895	257737
2
873	8088
874	8112
2
724	2652
724	3444
2
917	39400
928	43129
2
1204	63589
1210	43346
2
1214	1165571
3029	274634
2
518	38612
519	36185
2
901	69530
912	69440
2
894	487987
895	487228
2
3039	3331
3067	3467
2
1410	158018
1638	157586
2
1214	986015
3029	95110
2
1239	81057
1243	17626
2
1200	59838
3031	56516
2
1435	179191
1438	687565
2
1358	4077
1360	272906
2
1360	246603
3189	13326
2
9	48272
3022	48280
2
382	14169
384	13004
2
1361	33956
3172	1576
2
592	95363
1620	95433
2
518	69239
519	66824
2
2087	61861
2088	211457
2
1214	783875
3056	282616
2
894	809034
895	807872
2
873	692
878	1230
2
1529	59329
1531	62574
2
1204	21594
1210	70033
2
1214	923601
3029	32839
2
118	102435
119	105307
2
828	24615
3425	37191
2
894	79397
895	79212
2
1214	1441659
3029	551150
2
592	168987
1620	168810
2
1537	156257
3444	162155
2
1626	63533
2492	40927
2
1358	39974
1360	308820
2
118	61164
119	63984
3
873	19404
874	19437
878	19978
2
894	41991
895	41960
2
1435	336015
1438	844774
2
1410	6446
1638	6053
2
1239	79590
1243	16156
2
3395	1663
3396	1652
2
1237	22090
1248	22174
2
737	4389
1627	4244
2
1626	74379
2492	51762
2
1238	11670
1239	12698
2
941	85923
1254	85431
2
1503	3421
3407	4862
2
118	44315
119	47114
2
1214	1244252
3029	353660
2
894	313238
895	312598
2
1430	41808
1439	698198
2
1575	1431
3477	673
2
1359	82094
1360	138048
2
28	2350
1201	20183
2
592	73985
1620	74182
2
119	279442
462	2607
2
1359	55337
1360	111373
2
1626	58977
2492	36401
2
1410	116743
1638	116285
2
846	30587
848	34790
2
1214	874362
3056	373170
2
1214	1506574
3029	615945
2
994	96479
2704	36254
2
1435	322162
1438	830916
2
1360	24953
3197	17187
2
1214	506030
3056	9189
2
1328	67683
3171	67495
2
531	50466
2088	263961
2
231	32643
234	177906
2
919	48872
926	48448
2
531	46882
2088	260381
3
1420	95818
1438	494831
1589	31465
2
1503	31828
3407	34314
2
1537	82632
3444	88405
2
531	17848
2088	231342
2
1430	42701
1439	699094
2
1435	2054
1438	510260
2
769	72507
2587	73036
2
1239	75947
1243	12514
2
1214	557404
3056	60746
2
894	558680
895	557801
2
1537	60085
3444	65851
2
307	539
1890	546
2
592	27599
1620	28172
2
791	54524
2609	54689
2
1214	905328
3029	14514
2
894	722428
895	721375
2
118	219864
119	222783
2
1214	1267001
3029	376416
2
1214	1247616
3029	357037
2
894	94208
895	93950
2
1183	5618
1184	133469
2
231	13357
234	158619
2
1214	1210625
3029	319671
2
901	15596
912	15585
2
917	6702
928	10437
2
737	43858
1627	43707
2
1214	589622
3056	93032
2
1358	44711
1360	313566
2
526	231
2083	224
2
531	130411
2088	343815
2
1214	1123828
3029	233070
2
1114	9543
2900	9516
2
679	1351
2969	1319
2
1214	1432038
3029	541520
2
119	286468
462	9628
2
1537	104209
3444	110047
2
592	145650
1620	145481
2
1237	23639
1248	23745
2
119	278658
462	1822
2
1328	83361
3171	83191
2
901	27881
912	27878
2
1065	14672
2855	136749
2
1051	32279
2847	218332
2
1214	604331
3056	107738
2
524	15343
662	15144
2
2087	60915
2088	210512
2
1479	860092
1482	13791
2
9	23535
3022	23541
2
1438	499071
1589	35668
2
1204	1448
1210	480
2
901	38278
912	38225
2
941	111025
1254	110391
2
941	128779
1254	127996
2
592	42074
1620	42591
2
1377	6947
3217	6958
2
1214	626134
3056	129544
2
894	165118
895	164742
2
894	571673
895	570789
2
1479	856166
1482	9858
2
1214	955103
3029	64382
2
518	19573
519	17113
2
518	81808
519	79399
2
592	177074
1620	176854
2
846	9680
848	13890
2
592	25301
1620	25882
2
1214	1355669
3029	465109
2
118	273334
119	276210
2
460	5645
2045	78026
2
518	24798
519	22341
2
1359	133530
1360	189447
2
769	14899
2587	14904
2
1212	59227
1775	29033
2
769	27193
2587	27202
2
1214	1263508
3029	372914
2
1214	1446750
3029	556230
2
539	1237
2102	1235
2
539	436
2102	433
2
1435	12085
1438	520292
2
1214	789781
3056	288567
2
806	15981
807	16052
2
894	957306
895	955957
2
1200	55130
3031	52074
2
1200	37656
3031	34600
2
894	786058
895	784922
2
894	189808
895	189353
2
1377	50295
3217	50280
2
1537	10976
3444	16705
2
592	20054
1620	20669
2
1204	49394
1210	29768
2
1359	122299
1360	178234
2
894	192090
895	191637
2
1214	1438177
3029	547659
2
2084	21631
2088	116358
2
1214	1019537
3029	128645
2
267	5658
268	5433
2
1214	1183900
3029	292941
2
1009	8175
2777	137
2
1435	212546
1438	720960
2
894	362203
895	361553
2
1359	100282
1360	156226
2
1214	975384
3029	84483
2
1537	134817
3444	140665
2
118	59902
119	62720
2
118	199451
119	202315
2
118	253274
119	256130
2
118	195847
119	198708
2
1214	1001740
3029	110847
2
894	698717
895	697667
2
917	45656
928	49380
2
2084	17295
2088	111933
2
119	318037
462	41195
2
1214	743507
3056	247104
2
894	241016
895	240560
2
1632	2582
2612	2583
2
1212	79710
1775	49550
2
1214	646198
3056	149684
2
894	598084
895	597160
2
1239	104698
1243	41270
2
120	376894
163	69485
2
118	257456
119	260309
2
1537	143765
3444	149639
2
1237	28105
1248	28229
2
894	231647
895	231196
2
120	358911
163	51550
2
1212	62739
1775	32551
2
1214	1274172
3029	383587
2
1204	79850
1210	59388
2
737	21365
1627	21208
2
9	736
3022	736
2
1358	12065
1360	280901
2
894	526982
895	526114
2
1529	142809
1530	45857
2
1214	1056862
3029	166018
2
1214	1173671
3029	282744
2
917	57564
928	61290
2
1237	14949
1248	14999
2
2754	1095
2755	1092
2
127	23238
1099	23024
2
1626	54647
2492	32077
2
1200	54595
3031	51538
2
894	200834
895	200390
2
1214	1163477
3029	272533
2
1435	395501
1438	904312
2
1377	27319
3217	27310
2
894	228786
895	228335
2
544	10173
2129	11427
2
894	409816
895	409152
2
1214	797798
3056	296597
2
679	7519
2969	7484
2
531	37509
2088	251008
2
1537	115834
3444	121643
2
1430	12840
1439	669218
2
891	1051
3267	1052
2
1214	727482
3056	231082
2
1212	88088
1775	57984
2
118	241929
119	244777
2
1214	763716
3056	267307
2
118	3063
119	3222
2
737	9280
1627	9122
2
873	14470
874	14492
2
1537	123171
3444	128996
2
1214	1286313
3029	395727
2
1065	44211
2855	166365
2
118	269279
119	272155
2
1214	679199
3056	182792
2
2087	26976
2088	176430
2
1214	502259
3056	5417
2
1214	670406
3056	173952
2
791	36660
2609	36818
2
1353	311213
1658	19591
2
941	134632
1254	133821
2
1214	1465542
3029	575034
2
3512	6497
3513	6040
2
894	725715
895	724657
3
3362	1621
3363	1810
3364	1942
2
1435	149429
1438	657785
2
1435	203686
1438	712105
2
1065	21993
2855	144094
2
1214	1271609
3029	381025
2
427	24995
1130	14575
2
1204	72861
1210	52348
2
592	114310
1620	114306
2
1353	284220
1658	65718
2
1537	113348
3444	119156
2
1200	53983
3031	50925
2
1358	1477
1360	270305
2
127	21336
1099	21121
2
1065	19020
2855	141113
2
894	821298
895	820105
2
1455	4895
1472	4765
2
120	329143
163	21890
2
1214	1367486
3029	476940
2
119	277654
462	817
2
1649	4957
3053	4958
2
1214	1383395
3029	492854
2
1214	1143811
3029	252781
2
1529	17345
1531	20561
2
894	331699
895	331054
2
1353	265576
1658	47073
2
1214	566210
3056	69561
2
941	17391
1254	17556
2
1537	63913
3444	69687
2
894	830509
895	829315
2
1537	154780
3444	160680
2
592	136319
1620	136191
2
1410	141074
1638	140620
2
1214	802142
3056	300976
2
894	217902
895	217458
2
894	182801
895	182348
2
1360	46310
3197	38558
2
1949	4262
1950	4284
2
592	94359
1620	94427
2
1214	826581
3056	325399
2
894	631405
895	630429
2
1410	169953
1638	169521
2
894	675660
895	674616
2
1435	199496
1438	707914
2
917	0
928	3736
2
1435	127659
1438	635988
2
1214	995858
3029	104981
2
1214	1075225
3029	184388
2
329	969
331	985
3
1420	1859
1438	463384
1589	275
2
2084	30679
2088	125629
2
127	8005
1099	7792
2
894	678677
895	677634
2
1435	232134
1438	740840
2
1214	1040564
3029	149685
2
531	157579
2088	370964
2
2239	0
2240	0
2
1239	74092
1243	10660
2
941	63871
1254	63573
2
1529	151866
1530	54905
2
1214	1458098
3029	567587
2
1214	1180438
3029	289491
2
894	882149
895	880859
4
3362	104
3363	104
3366	56
3367	56
2
592	33283
1620	33832
2
1360	250639
3189	17368
2
894	429868
895	429196
2
1626	100823
2492	78190
2
1214	619432
3056	122844
2
769	6967
2587	6968
2
894	262306
895	261822
2
1626	48099
2492	25539
2
1212	42529
1775	12316
2
1435	28494
1438	536779
2
1214	867936
3056	366741
2
1214	1336554
3029	445981
2
737	64841
1627	64729
2
919	32506
926	32211
2
1359	68558
1360	124513
2
894	163724
895	163351
2
1435	173759
1438	682124
2
1438	474921
1589	11733
2
1435	308112
1438	816868
2
1435	46088
1438	554371
2
1537	35185
3444	40913
2
1435	301384
1438	810139
2
1537	141827
3444	147697
2
531	45470
2088	258969
2
1191	1058
1192	1061
2
299	823
1866	824
2
795	231186
796	1980
2
99	71099
2774	9837
2
1435	30586
1438	538871
2
118	215428
119	218342
2
532	2197
1616	5921
2
1214	586123
3056	89533
2
1214	1350316
3029	459749
2
941	46352
1254	46317
2
1410	114197
1638	113738
3
1420	10844
1438	469497
1589	6351
2
2084	18
2088	94498
2
894	256251
895	255786
2
518	80119
519	77714
2
83	87
1845	1289
2
1214	614718
3056	118137
2
1237	12771
1248	12796
2
1214	970608
3029	79715
2
1114	45031
2900	45296
2
1328	113686
3171	113596
2
1214	497819
3056	961
2
1529	177899
1530	80964
2
1529	149545
1530	52585
2
894	3102
895	3090
2
873	17154
878	17731
2
846	21592
848	25799
2
894	252711
895	252252
2
118	134125
119	137013
4
372	1631
2060	52
2997	97
2998	52
2
118	150004
119	152908
2
1214	1495178
3029	604555
2
1359	128164
1360	184080
2
1214	1279583
3029	389000
2
1214	1425362
3029	534843
2
1435	366288
1438	875093
2
1214	1405988
3029	515491
2
1214	1366666
3029	476120
2
894	784460
895	783333
2
1239	89660
1243	26229
2
1239	100536
1243	37106
2
1214	1341089
3029	450514
2
587	223156
2533	17272
2
2400	2
2401	3
2
427	28390
1130	17959
2
1214	906005
3029	15192
2
894	796633
895	795495
2
1214	1038900
3029	148019
2
1214	622840
3056	126265
2
1214	1164993
3029	274057
2
1214	1094323
3029	203492
2
1537	58699
3444	64473
2
1575	11181
3477	10425
2
1277	112767
1278	101435
2
118	242984
119	245832
2
2087	12081
2088	161527
2
941	10386
1254	10564
2
118	262957
119	265823
2
894	161356
895	161000
2
1214	877804
3056	376622
2
532	3324
1616	7050
2
592	162279
1620	162109
2
707	3576
1626	19532
2
1142	12128
2935	11482
2
1353	287746
1658	69243
2
1410	7003
1638	6611
2
1626	114098
2492	91466
2
427	16293
1130	5893
2
605	1960
609	2034
2
592	42975
1620	43505
2
1435	20038
1438	528251
2
1626	120987
2492	98349
2
894	868448
895	867252
2
919	44299
926	43953
2
1239	99151
1243	35721
2
1360	264680
3190	9730
2
120	389306
163	81852
2
547	927
2134	942
2
549	706
2148	705
2
1537	131018
3444	136858
2
1632	34358
2612	34335
2
1252	11077
3151	11075
2
1537	8104
3444	13835
2
1377	25127
3217	25117
2
328	1654
1909	1433
2
1359	92630
1360	148574
2
1503	6154
3407	7570
2
1214	951800
3029	61091
2
1214	937802
3029	47078
3
9	8297
1205	8027
3022	8302
2
1632	17599
2612	17597
2
919	25358
926	25155
2
894	872185
895	870987
2
1359	45803
1360	101863
2
894	728181
895	727120
2
901	3349
912	3325
2
531	87533
2088	300969
2
1214	620608
3056	124026
2
1214	1033706
3029	142822
3
873	5731
874	5752
878	6281
2
1359	76591
1360	132549
2
1435	210649
1438	719064
2
1435	377026
1438	885836
2
1435	123941
1438	632270
2
1214	1368259
3029	477713
2
1214	511807
3056	14971
2
1277	131090
1278	112713
2
901	42853
912	42809
2
894	624813
895	623843
2
9	28560
1205	28258
2
1359	111596
1360	167535
2
1214	1442857
3029	552341
2
1435	16210
1438	524417
2
1200	32284
3031	29764
2
1435	116245
1438	624574
2
1435	272534
1438	781287
2
1435	240950
1438	749663
2
1435	358421
1438	867217
2
1239	66189
1243	2750
2
1212	108676
1775	78666
2
894	550326
895	549449
2
1430	33956
1439	690334
2
118	68585
119	71433
2
894	883961
895	882670
2
120	325197
163	17952
2
873	9337
874	9364
2
120	331988
163	24726
2
1214	1312528
3029	421931
2
873	11258
874	11284
2
1359	64360
1360	120311
2
1214	835701
3056	334530
2
1214	1259360
3029	368782
2
1214	531638
3056	34877
2
1214	582054
3056	85451
2
1214	1241350
3029	350755
2
592	61679
1620	62022
2
1239	106698
1243	43271
2
2780	560
2781	558
2
1214	1235987
3029	345390
2
1214	825717
3056	324534
2
1435	159827
1438	668185
2
592	96524
1620	96598
2
1435	216691
1438	725111
2
1529	140872
1530	43924
2
1214	1051742
3029	160884
2
1353	281320
1658	62820
2
1410	123208
1638	122750
2
381	3933
384	53329
2
1214	1275605
3029	385022
2
1529	156628
1530	59686
2
1435	205072
1438	713490
2
769	30372
2587	30388
2
919	63612
926	63150
2
806	3191
807	3267
2
737	33403
1627	33250
2
1410	75852
1638	75446
2
1410	123884
1638	123426
2
2087	55495
2088	205083
2
1214	1474626
3029	584047
3
1420	26568
1438	477204
1589	14000
2
1410	81561
1638	81151
2
592	112150
1620	112165
2
1065	47494
2855	169655
2
1420	85405
1438	484053
2
1435	59453
1438	567733
2
1435	217480
1438	725900
2
1435	164656
1438	673015
2
231	23858
234	169123
2
1377	185
3217	201
2
1612	62
2026	68
2
118	18414
119	21124
2
1435	368762
1438	877568
2
1626	89809
2492	67183
2
1252	9844
3151	9838
2
1214	815718
3056	314544
2
1214	765606
3056	269194
2
917	15210
928	18945
2
1379	90435
3500	6255
2
531	53585
2088	267080
2
1435	294245
1438	802996
2
1065	24759
2855	146862
2
1214	1346505
3029	455934
2
1237	5956
1248	5945
3
9	17206
1205	16933
3022	17210
2
1328	99846
3171	99685
2
1435	169824
1438	678183
2
407	6122
2733	3601
2
1360	242171
3189	8896
2
1626	59745
2492	37167
2
1277	37588
1278	39687
2
1058	845
2850	847
2
1537	133303
3444	139150
2
531	49508
2088	263002
2
1239	85756
1243	22325
2
14	3907
39	2720
2
1537	18177
3444	23903
2
1435	101226
1438	609523
2
1214	817244
3056	316074
2
118	133459
119	136347
2
1430	2860
1439	659239
2
1214	1435859
3029	545338
2
328	11308
1909	11538
2
1529	138153
1530	41206
2
1214	1345085
3029	454514
2
1435	68970
1438	577245
2
941	87557
1254	87052
2
1214	1298169
3029	407584
2
1214	653525
3056	157016
2
1214	598005
3056	101420
2
1214	1313169
3029	422571
2
1237	95724
1248	96275
2
2087	21962
2088	171408
2
1214	705252
3056	208858
2
1435	29286
1438	537571
2
1214	883270
3056	382098
2
1435	302928
1438	811683
2
1435	372093
1438	880901
2
894	666258
895	665231
2
894	544954
895	544080
2
1214	1219026
3029	328126
2
276	1423
1839	1389
3
373	986
1108	2652
3260	985
2
407	7839
2733	5315
2
33	19094
190	4409
2
1430	34979
1439	691368
2
531	59519
2088	273012
2
917	48487
928	52211
2
531	119343
2088	332754
2
1918	909
1921	915
2
1501	2716
1663	22315
2
894	897623
895	896294
2
1214	1503732
3029	613112
2
894	916540
895	915209
2
1214	1491826
3029	601198
2
1204	9467
1210	8541
2
994	68585
2704	8379
2
894	726516
895	725455
2
894	12723
895	12703
2
1626	99439
2492	76797
2
1214	899881
3029	9065
2
2087	41110
2088	190675
2
2739	748
2740	752
2
118	177738
119	180624
2
1634	1200
1892	1057
2
3097	5348
3099	4395
2
894	361154
895	360503
2
1328	5671
3171	5423
2
9	51881
3022	51890
2
1214	584277
3056	87686
2
592	163381
1620	163208
2
1438	467208
1589	4079
2
1212	77669
1775	47499
2
119	283940
462	7099
2
384	31387
1981	2055
2
120	390968
163	83513
2
1277	66635
1278	66426
2
1359	126508
1360	182420
2
3200	11434
3201	11001
2
1353	296968
1658	5374
2
1212	74137
1775	43964
2
1214	689456
3056	193059
2
1214	982515
3029	91614
2
288	2340
1858	2250
2
1237	62179
1248	62505
2
119	309123
462	32276
2
1537	136407
3444	142258
2
1360	18739
3197	10968
2
1360	243040
3189	9766
2
1430	26287
1439	682678
2
894	17037
895	17016
2
531	102208
2088	315636
2
1200	27393
3031	24885
2
1237	33848
1248	34000
2
2084	33697
2088	128693
2
1353	305302
1658	13709
2
1479	851566
1482	5329
2
1529	21876
1531	25103
2
894	130219
895	129897
2
994	83536
2704	23294
2
994	79007
2704	18783
2
1575	16615
3477	15860
2
1360	42540
3197	34793
2
1183	3137
1184	130988
2
1055	488
1055	23775
2
1360	36803
3197	29052
2
891	1596
3267	1599
2
894	685317
895	684274
2
1214	864908
3056	363701
2
1214	842126
3056	340961
2
901	34849
912	34807
2
530	5323
2088	85768
2
518	39247
519	36819
2
127	20112
1099	19896
2
1360	38161
3197	30405
2
874	8079
878	8613
2
1214	731480
3056	235086
2
1214	999511
3029	108650
2
894	277033
895	276466
2
1537	20228
3444	25950
2
2087	0
2088	149453
2
1410	190379
1638	189955
2
994	88217
2704	27976
2
846	5643
848	9846
2
901	10133
912	10124
2
1212	31240
1775	1011
2
1214	1416255
3029	525744
2
873	9984
878	10550
2
1238	24229
1239	25268
2
917	3515
928	7251
2
1435	248127
1438	756872
2
791	32227
2609	32392
2
1214	1013222
3029	122344
2
894	370335
895	369684
2
894	24744
895	24718
2
1730	9828
3405	715884
2
1214	1144887
3029	253859
2
1359	3478
1360	59574
2
1214	804159
3056	302993
2
1214	1291432
3029	400848
2
1200	4026
3031	3835
2
1328	86381
3171	86213
2
901	55835
912	55752
2
1214	992499
3029	101604
2
1214	1285039
3029	394453
2
1358	20322
1360	289158
2
823	28591
823	29243
2
1114	6814
2900	6790
2
1377	22799
3217	22791
2
1114	37856
2900	38118
2
1214	1515061
3029	624435
2
284	3577
1846	3574
2
1142	14671
2935	14019
2
2087	58386
2088	207980
2
941	67052
1254	66683
2
3310	2185
3311	2182
2
791	4448
2609	4585
2
118	47206
119	50006
2
68	6594
1689	2805
2
118	164886
119	167769
2
894	942018
895	940670
2
57	1354
3059	36426
2
894	656555
895	655552
2
1537	2032
3444	7758
2
28	11533
1201	29408
2
941	127864
1254	127084
2
1277	99539
1278	92712
2
894	841468
895	840274
2
917	19349
928	23088
2
1529	32379
1531	35599
2
941	139630
1254	138818
2
1377	25924
3217	25913
2
1537	122157
3444	127982
2
1410	10715
1638	10323
2
894	513464
895	512676
2
382	12951
384	11787
2
1214	1018258
3029	127388
2
1212	45635
1775	15427
2
894	821919
895	820725
2
1634	2264
1892	2120
2
592	174594
1620	174400
2
68	42399
3253	1744
2
1238	4754
1239	5763
2
1214	646819
3056	150306
2
994	78376
2704	18150
2
1430	4126
1439	660504
2
1214	558738
3056	62078
2
518	64673
519	62260
2
119	297837
462	20996
2
1214	941540
3029	50826
2
592	134810
1620	134677
2
118	100382
119	103252
2
1529	49601
1531	52848
2
118	112187
119	115063
2
587	89040
2533	5248
2
1537	108547
3444	114384
2
1214	660632
3056	164145
2
1435	343378
1438	852168
2
1359	75686
1360	131647
3
9	18917
1205	18644
3022	18923
2
1137	2544
2932	2666
2
1529	111011
1530	14143
2
1214	744667
3056	248264
2
997	626967
3050	6913
2
191	2172
1026	1483
2
901	44316
912	44271
2
118	234958
119	237815
2
1949	2256
1950	2269
2
1632	62213
2612	62173
3
9	27959
1205	27659
3022	27966
2
930	1101
2707	1099
2
894	306745
895	306134
2
930	11910
2707	11891
2
1739	3438
2592	928
2
1237	20389
1248	20469
2
1239	83827
1243	20397
2
1214	1295007
3029	404421
2
1359	32380
1360	88444
3
873	5094
874	5115
878	5642
2
1214	1088088
3029	197249
2
1360	43338
3197	35590
2
1214	872043
3056	370852
2
894	861846
895	860652
2
323	1780
1907	1685
2
2087	28189
2088	177647
2
894	873255
895	872049
2
518	66431
519	64018
2
1529	26507
1531	29734
2
3249	684
3255	705
2
795	245538
796	16339
2
1214	1289813
3029	399228
2
1353	318730
1658	27104
2
1537	128930
3444	134767
2
1214	1176977
3029	286050
2
1435	88440
1438	596734
2
119	280890
462	4053
2
1435	161673
1438	670030
2
1435	254292
1438	763039
2
1359	40617
1360	96686
2
119	322378
462	45532
2
587	362514
2533	26410
2
919	15472
926	15300
2
901	10917
912	10907
2
118	152135
119	155039
2
118	84732
119	87590
2
894	885345
895	884052
2
1353	310303
1658	18685
3
9	54388
1205	53977
3022	54397
2
1114	33833
2900	34105
2
874	15369
878	15918
2
328	13205
1909	13435
2
941	107752
1254	107157
2
518	37746
519	35318
2
919	46137
926	45787
2
1537	140762
3444	146629
2
1479	846923
1482	693
2
1632	54008
2612	53985
2
1237	19232
1248	19314
2
284	2683
1846	2679
2
1214	1267719
3029	377135
2
1537	19108
3444	24835
2
118	177041
119	179929
2
1537	98500
3444	104293
2
1435	345992
1438	854782
2
894	904833
895	903507
2
894	811376
895	810214
2
42	538
1730	458
2
328	14391
1909	14634
2
1353	293661
1658	2056
2
119	320729
462	43890
2
592	201702
1620	201496
2
1430	29822
1439	686201
2
894	169263
895	168879
2
1430	28280
1439	684663
2
592	36347
1620	36878
2
1430	32081
1439	688456
2
1501	641
1663	20239
2
592	28469
1620	29045
2
1214	757299
3056	260890
2
518	29997
519	27577
2
806	29607
807	29675
2
531	74788
2088	288229
2
587	114235
2533	8109
2
1328	67064
3171	66876
2
1214	510321
3056	13483
2
917	2105
928	5843
2
1114	12197
2900	12172
2
1307	4741
3134	4883
2
1435	361684
1438	870482
3
9	13424
1205	13154
3022	13430
2
1626	14708
2492	14704
2
3039	2167
3067	2305
2
529	47525
2088	57697
2
118	37333
119	40097
2
1435	228481
1438	736899
2
1214	647890
3056	151377
2
1328	112299
3171	112209
2
1237	57573
1248	57874
2
1200	23486
3031	21469
2
118	266556
119	269429
2
231	31681
234	176943
2
331	915
1917	964
2
529	12913
2088	23078
2
1435	399041
1438	907850
2
1214	1335538
3029	444964
2
1237	31589
1248	31719
2
1328	47511
3171	47299
2
894	876473
895	875266
2
1410	181794
1638	181365
2
1435	225719
1438	734138
2
1214	630102
3056	133509
2
529	64619
2088	74812
2
894	98334
895	98073
2
1214	1501798
3029	611171
2
1435	394938
1438	903748
2
1435	215271
1438	723693
2
1214	889714
3056	388585
2
1537	117298
3444	123107
2
1430	1670
1439	658052
2
1214	608768
3056	112183
2
1358	5925
1360	274754
2
1359	135132
1360	191050
2
1200	43062
3031	39995
2
1214	651107
3056	154598
2
1435	121705
1438	630035
2
1529	11011
1531	9581
2
791	30044
2609	30205
2
1214	954332
3029	63612
2
1204	33181
1210	81660
2
971	7148
1309	3472
2
1537	148149
3444	154033
2
1328	31574
3171	31343
2
894	879870
895	878661
2
1360	52977
3197	45227
3
9	6868
1205	6596
3022	6868
2
1435	373930
1438	882739
2
1435	16985
1438	525193
2
1214	978678
3029	87774
2
120	322799
163	15551
2
1214	934783
3029	44053
2
1410	50609
1638	50217
2
118	103346
119	106221
2
894	593354
895	592432
2
1435	38222
1438	546504
2
120	365853
163	58492
2
1410	171142
1638	170710
2
130	5397
981	3288
2
1277	103367
1278	95278
2
1529	46608
1531	49843
2
1214	538388
3056	41646
2
1730	5423
3405	711487
2
118	114841
119	117716
2
917	21152
928	24889
2
941	5413
1254	5590
2
901	4854
912	4836
2
894	802982
895	801842
2
894	658055
895	657040
2
1214	1483802
3029	593221
2
1238	21891
1239	22925
2
737	27635
1627	27476
2
1065	17787
2855	139874
2
828	26345
3425	38987
2
894	397908
895	397248
2
791	6644
2609	6794
2
1435	319120
1438	827872
2
894	632864
895	631886
2
737	86023
1627	85985
2
941	3621
1254	3808
2
1359	99209
1360	155151
2
592	192939
1620	192732
2
1359	74060
1360	130019
2
873	4902
874	4923
2
1114	4885
2900	4864
2
1537	9154
3444	14885
2
1410	166843
1638	166412
2
941	22541
1254	22678
3
381	7282
382	7324
384	56677
2
1626	127836
2492	105194
2
806	26433
807	26501
2
1214	518244
3056	21461
2
941	11301
1254	11479
2
1237	90432
1248	90944
2
592	197916
1620	197707
2
737	8241
1627	8084
2
1713	29
2346	53
2
1214	950722
3029	60015
2
806	11756
807	11829
2
1359	79322
1360	135275
2
118	163063
119	165947
2
846	11298
848	15509
2
769	45021
2587	45045
2
1435	18864
1438	527077
2
1435	391975
1438	900783
2
1377	36237
3217	36224
2
1435	355795
1438	864591
2
894	391041
895	390385
2
894	450425
895	449739
2
894	852518
895	851334
2
1529	66487
1531	69751
2
894	934127
895	932785
2
1214	1458714
3029	568203
2
120	369056
163	61654
2
1881	4126
2077	3325
2
592	83024
1620	83127
2
894	293441
895	292839
2
1214	549597
3056	52796
2
894	287553
895	286975
2
118	230849
119	233719
2
894	399208
895	398548
2
1730	4794
3405	710857
2
737	29394
1627	29237
2
120	324247
163	17001
2
20	29023
21	23247
2
1410	97292
1638	96842
2
120	347426
163	40086
2
894	176179
895	175747
2
1277	104130
1278	96039
2
1537	38240
3444	43966
2
1438	498123
1589	34722
2
1435	60548
1438	568827
2
1537	143120
3444	148993
2
1435	231163
1438	739870
2
592	49957
1620	50380
2
1435	43808
1438	552088
2
894	253857
895	253397
3
9	36030
1205	35721
3022	36039
3
891	1747
892	1914
3267	1750
2
1328	62953
3171	62760
2
894	208235
895	207791
2
1435	104643
1438	612941
2
1214	1224170
3029	333557
2
118	11851
119	12007
2
1214	1453564
3029	563051
2
894	209248
895	208805
2
874	18462
878	19004
2
118	259063
119	261921
2
531	83326
2088	296763
2
1546	52569
1550	7513
2
1546	51366
1550	6434
2
531	114376
2088	327786
2
118	192255
119	195118
2
1537	13922
3444	19649
2
894	453287
895	452599
2
1214	793127
3056	291913
2
1435	98992
1438	607286
2
791	27658
2609	27818
2
1479	860935
1482	14648
2
1435	227376
1438	735795
2
1501	3436
1663	23036
2
769	24865
2587	24873
2
1212	90173
1775	60071
2
737	80721
1627	80670
2
894	89392
895	89139
2
865	399
2667	199
2
1435	33199
1438	541482
2
1359	74657
1360	130617
2
2087	13101
2088	162548
2
675	0
676	0
2
1328	110219
3171	110081
2
1455	275
1472	257
2
894	199055
895	198614
2
1212	65590
1775	35406
2
894	170438
895	170053
2
1529	83975
1531	87267
2
231	8940
234	154192
2
1347	10325
3192	10197
2
894	115914
895	115593
2
1239	69297
1243	5862
2
1252	10526
3151	10523
2
531	32183
2088	245678
2
679	4171
2969	4139
2
769	38784
2587	38805
2
894	489040
895	488279
2
1214	621632
3056	125053
2
894	561415
895	560533
2
1430	40939
1439	697332
2
894	249582
895	249123
2
381	295
382	349
2
1214	636478
3056	139891
2
894	15411
895	15392
2
894	647299
895	646296
2
1435	131447
1438	639776
2
1214	563854
3056	67201
2
644	556
1966	560
2
118	239085
119	241937
2
1212	99777
1775	69699
2
427	25672
1130	15254
2
1214	1334104
3029	443528
2
1214	1007993
3029	117104
2
1214	746248
3056	249843
2
1214	1353258
3029	462696
2
930	9475
2707	9465
2
382	43481
384	36507
2
1529	125181
1530	28203
2
941	135709
1254	134897
2
531	146099
2088	359493
2
1410	105276
1638	104823
2
1410	128835
1638	128379
2
894	626740
895	625766
2
894	660522
895	659506
2
1435	327709
1438	836463
2
1214	900631
3029	9815
2
531	15132
2088	228625
2
1359	2316
1360	58411
2
1360	253019
3189	19752
2
1529	190927
1530	93984
2
1065	37854
2855	160002
2
1353	257132
1658	38628
2
1214	1309744
3029	419148
2
707	6187
1626	22143
2
231	10154
234	155405
2
1435	254901
1438	763648
2
1214	583037
3056	86445
2
737	39816
1627	39664
2
1214	1460064
3029	569552
2
1214	963896
3029	73017
2
1529	197315
1530	100374
2
1626	46401
2492	23841
2
1214	758819
3056	262410
2
894	782887
895	781763
2
769	17398
2587	17401
2
1214	649751
3056	153241
2
1142	3052
2935	2410
2
384	30239
1981	909
2
901	51407
912	51334
2
917	2803
928	6539
2
1360	241443
3189	8168
2
1214	696116
3056	199718
2
1359	47461
1360	103516
2
1435	216137
1438	724559
2
3168	0
3169	0
2
894	770122
895	769000
2
1214	546634
3056	49825
2
1214	602683
3056	106089
2
894	406923
895	406259
2
1214	697522
3056	201125
2
1214	599916
3056	103326
2
769	47431
2587	47454
2
127	28054
1099	27838
2
1435	325246
1438	833999
2
526	1944
2083	1949
2
1214	1104032
3029	213217
2
1214	1382650
3029	492109
2
1435	20705
1438	528916
2
1435	236162
1438	744871
2
1358	51533
1360	320387
2
118	83391
119	86246
2
894	224033
895	223587
2
2084	44120
2088	139284
2
1435	256237
1438	764985
2
1214	956414
3029	65698
2
118	256002
119	258855
2
1537	78156
3444	83929
2
118	197655
119	200516
2
1730	6381
3405	712447
2
941	40982
1254	40964
2
118	263762
119	266630
2
1358	47653
1360	316506
2
1214	659665
3056	163177
2
1277	49697
1278	50323
2
1212	104390
1775	74370
2
1214	1152493
3029	261485
2
531	135441
2088	348844
2
592	88596
1620	88685
2
1214	532585
3056	35825
2
894	517475
895	516686
2
1214	803116
3056	301950
2
1328	61725
3171	61531
2
894	512731
895	511950
2
1435	273845
1438	782599
2
592	80208
1620	80310
2
1435	339219
1438	848009
2
587	127883
2533	9535
2
894	476371
895	475673
2
1027	0
2816	0
2
1214	1006781
3029	115891
2
1626	125672
2492	103030
2
1214	562697
3056	66041
2
769	5935
2587	5935
2
3039	6537
3067	6666
2
894	388663
895	388008
2
1114	15842
2900	15886
2
1212	37291
1775	7078
2
901	50341
912	50268
2
894	188747
895	188293
2
1537	44649
3444	50416
2
518	55744
519	53331
2
737	76529
1627	76471
2
791	32894
2609	33057
2
795	260793
796	31596
2
118	72587
119	75432
2
846	20177
848	24384
2
894	524168
895	523303
2
1353	288762
1658	70260
2
427	24226
1130	13806
2
1529	180834
1530	83900
2
531	142550
2088	355944
2
382	38531
384	39505
2
1065	10794
2855	132868
2
1410	71151
1638	70754
2
737	50330
1627	50210
2
1214	505288
3056	8447
2
737	90223
1627	90191
2
894	789321
895	788183
2
1529	146915
1530	49963
2
1435	292477
1438	801229
2
530	9077
2088	89528
2
1328	57190
3171	56990
2
1359	83173
1360	139123
2
1214	1308449
3029	417851
2
941	118302
1254	117628
2
118	37966
119	40732
2
120	320348
163	13098
2
1277	32084
1278	35457
2
901	20086
912	20080
2
1002	5389
2327	937
2
1214	1510628
3029	620009
2
1435	75608
1438	583886
2
707	8076
1626	24031
2
9	46735
3022	46743
2
1212	32862
1775	2636
2
1214	1512504
3029	621882
2
1359	89271
1360	145213
2
1214	1034624
3029	143740
2
1435	221906
1438	730325
2
1435	82965
1438	591249
2
1359	72578
1360	128533
2
1435	66248
1438	574523
2
1183	19378
1184	147332
2
118	261028
119	263892
2
1435	354460
1438	863255
2
1359	97196
1360	153137
2
1051	23369
2847	209352
2
1214	1112735
3029	221949
2
1214	1344029
3029	453456
2
592	8737
1620	9378
2
1328	50974
3171	50768
2
994	66449
2704	6245
2
1214	1261392
3029	370799
2
846	6643
848	10848
2
118	20202
119	22931
2
118	109838
119	112712
2
1214	800496
3056	299328
2
894	671240
895	670215
2
1252	377
3151	375
2
1214	1301653
3029	411066
2
791	39190
2609	39354
2
806	1669
807	1741
2
1328	74511
3171	74340
2
118	174188
119	177076
2
1214	841063
3056	339899
2
382	23572
384	22464
2
894	427072
895	426403
2
873	6264
874	6284
2
722	6347
1377	1621
2
1634	3336
1892	3193
2
894	242534
895	242075
2
329	225
331	231
2
1214	1064713
3029	173877
2
1266	38249
1268	37868
2
791	49191
2609	49356
2
1435	256924
1438	765673
2
118	140075
119	142971
2
1328	77687
3171	77514
2
118	53495
119	56299
2
1214	701414
3056	205020
2
68	5765
1689	1975
2
587	183871
2533	12641
2
127	1785
1099	1558
2
1360	16167
3197	8395
2
737	62497
1627	62384
2
917	41148
928	44875
2
1435	58746
1438	567026
2
1949	1532
1950	1545
2
231	3552
234	148812
2
894	464784
895	464093
2
2084	40443
2088	135570
2
894	44933
895	44899
2
737	57641
1627	57521
2
1328	6957
3171	6711
2
737	2253
1627	2109
2
1328	20581
3171	20344
2
1435	390231
1438	899039
2
679	3269
2969	3236
2
894	218894
895	218449
2
1239	72633
1243	9199
2
118	90358
119	93221
2
1359	58983
1360	114928
2
919	56743
926	56327
2
1435	300105
1438	808859
2
894	637391
895	636392
2
1328	2275
3171	2024
2
791	38487
2609	38649
2
1353	256296
1658	37791
2
1537	25469
3444	31197
2
118	139145
119	142038
2
592	361
1620	1270
2
1435	153884
1438	662241
2
1239	93654
1243	30224
2
1377	10488
3217	10499
3
3162	0
3163	0
3164	0
2
2381	0
2382	0
3
1500	124674
1503	18188
3407	19952
2
118	46311
119	49112
2
77	5255
2641	690
2
1214	988218
3029	97313
2
118	20970
119	23703
2
1214	927848
3029	37093
2
1529	166562
1530	69608
2
1435	77284
1438	585566
2
1214	1122605
3029	231846
2
118	222016
119	224933
2
118	235878
119	238732
2
42	10117
3405	716141
2
1214	1314943
3029	424347
2
1479	873327
1482	27071
2
118	24275
119	27026
2
1214	591358
3056	94767
2
769	34356
2587	34374
2
1214	831401
3056	330230
2
1328	7661
3171	7415
2
1435	70605
1438	578880
2
1353	316473
1658	24849
2
1214	936038
3029	45310
2
806	30783
807	30852
2
1410	98945
1638	98492
2
894	308616
895	308003
2
1214	945476
3029	54775
2
84	2782
1491	50316
2
795	250793
796	21588
2
1529	19608
1531	22829
2
941	143179
1254	142369
2
1632	10282
2612	10294
2
707	5070
1626	21026
2
1214	989713
3029	98800
2
1537	89565
3444	95347
2
1435	93831
1438	602125
2
1252	8019
3151	8013
2
1401	1166
3324	1167
2
737	12811
1627	12653
2
846	41476
848	45676
2
1214	1445429
3029	554912
2
901	42269
912	42224
2
1537	66202
3444	71975
2
791	29463
2609	29623
2
1214	1078278
3029	187445
2
769	62120
2587	62543
2
382	2884
384	52223
2
1435	112253
1438	620579
2
1200	39551
3031	36470
2
1529	80943
1531	84234
2
2337	265
2358	418
2
1359	91837
1360	147782
2
531	117724
2088	331136
2
120	315940
163	8693
2
529	18677
2088	28844
2
1435	324182
1438	832936
3
9	21464
1205	21186
3022	21470
2
1430	39670
1439	696059
2
1277	21903
1278	26982
2
2239	908
2240	905
2
1212	97730
1775	67645
2
1214	1498202
3029	607580
2
1214	958102
3029	67384
2
941	7856
1254	8034
2
1214	540058
3056	43248
2
1214	503110
3056	6268
2
894	206762
895	206317
2
1214	1388738
3029	498198
2
846	40049
848	44249
2
901	13966
912	13956
2
1212	81475
1775	51350
3
329	260
330	261
331	266
2
1626	95018
2492	72376
2
894	949061
895	947718
2
2084	32721
2088	127715
2
2084	49792
2088	145132
2
1058	8945
2850	8945
2
118	125503
119	128388
2
846	43328
848	47529
2
894	270140
895	269630
2
1479	880119
1482	33876
2
1214	1126644
3029	235887
2
1537	43752
3444	49483
2
1435	269888
1438	778638
2
846	22623
848	26830
2
531	104549
2088	317974
2
894	128
895	116
2
2087	45601
2088	195158
2
1114	19703
2900	19848
2
473	2270
2052	2273
2
894	223124
895	222679
2
381	39
384	49456
2
531	98191
2088	311620
2
1435	52289
1438	560571
2
1435	230298
1438	738865
2
1410	137102
1638	136648
2
894	424820
895	424149
2
1328	81883
3171	81712
2
894	792262
895	791125
2
1214	917255
3029	26478
2
323	230
1907	186
2
1537	81079
3444	86851
2
2055	885
2056	1022
2
737	67718
1627	67650
2
2087	3808
2088	153264
2
1214	615491
3056	118906
2
894	304826
895	304215
2
1501	12150
1663	31747
2
917	6111
928	9847
2
1632	52718
2612	52679
2
1214	1379887
3029	489345
2
531	132937
2088	346341
2
1214	1151531
3029	260522
2
894	870264
895	869068
2
119	319018
462	42178
2
118	41594
119	44379
2
1940	1300
3505	1299
2
1360	196282
3195	1526
2
1359	81348
1360	137302
2
118	181756
119	184642
2
2084	42761
2088	137923
2
1435	195729
1438	704145
2
769	55142
2587	55485
2
1212	119722
1775	89730
2
638	0
2449	0
2
2254	375
3066	60499
2
1360	27649
3197	19888
2
118	141375
119	144273
2
1214	1407615
3029	517116
2
1881	2488
2077	1693
2
941	56440
1254	56163
2
1200	17727
3031	15859
2
118	123621
119	126502
2
894	82924
895	82727
2
120	387196
163	79747
2
894	864024
895	862829
2
1358	29381
1360	298219
2
1214	1169277
3029	278341
2
1070	8035
1072	7484
2
119	282889
462	6052
2
1537	124450
3444	130278
2
118	115969
119	118843
2
1632	26253
2612	26247
2
120	331179
163	23924
2
894	755726
895	754640
2
1430	19924
1439	676307
2
791	55549
2609	55710
2
769	13342
2587	13346
2
531	85032
2088	298469
2
2084	51105
2088	146444
2
1435	174583
1438	682949
2
994	94777
2704	34549
2
118	129990
119	132875
2
1214	833468
3056	332300
2
894	481660
895	480936
2
1435	186258
1438	694637
2
1051	10492
2847	197116
2
118	67797
119	70645
2
1653	29023
3030	73975
2
1359	1234
1360	57328
2
2084	9361
2088	103937
2
2087	19499
2088	168939
2
1212	111468
1775	81464
2
1503	1209
3407	2648
2
9	35491
3022	35500
2
1214	664340
3056	167861
2
1377	46951
3217	46940
2
707	10263
1626	26217
2
338	123
339	151
2
120	318782
163	11533
2
894	554699
895	553820
2
118	206913
119	209830
2
118	241057
119	243905
2
118	95831
119	98693
2
1214	1103404
3029	212589
2
1212	103593
1775	73534
2
592	210885
1620	210669
2
1200	51127
3031	48072
2
1114	25239
2900	25410
2
1214	632587
3056	135999
2
1410	145917
1638	145471
2
1051	15217
2847	201196
2
118	214892
119	217805
2
919	62789
926	62328
2
1410	31732
1638	31340
2
894	31609
895	31582
2
894	469661
895	468967
3
9	20672
1205	20396
3022	20677
2
118	191593
119	194460
2
529	50291
2088	60467
2
1239	67134
1243	3698
2
894	560647
895	559767
2
1065	41081
2855	163234
2
1328	75235
3171	75059
2
1430	27065
1439	683457
2
1435	317672
1438	826423
2
118	27552
119	30313
2
120	372728
163	65322
2
2087	4580
2088	154033
2
1435	202299
1438	710718
2
1435	96642
1438	604935
2
1551	506
3452	465
2
1435	150540
1438	658895
2
1212	85692
1775	55587
2
1214	1423459
3029	532941
2
894	686611
895	685566
2
42	7664
1730	7629
2
592	205815
1620	205604
2
917	30886
928	34621
2
592	141413
1620	141275
2
1435	11064
1438	519271
2
1410	179706
1638	179276
2
118	25818
119	28572
2
1410	135780
1638	135326
2
1214	1328295
3029	437711
2
529	46714
2088	56890
2
894	812747
895	811582
3
1420	93108
1438	492132
1589	28788
2
1214	729377
3056	232981
2
1214	1454406
3029	563892
2
120	375014
163	67609
2
118	205504
119	208418
2
1328	4651
3171	4401
2
1328	24955
3171	24722
2
118	117128
119	120002
2
1214	1315668
3029	425071
2
119	295745
462	18904
2
1137	1842
2932	1842
2
1214	1507829
3029	617201
2
737	82709
1627	82656
2
1503	36783
3407	39204
2
1435	283065
1438	791814
2
529	52280
2088	62458
2
2087	2962
2088	152421
2
118	223277
119	226188
2
1214	862402
3056	361205
2
894	737181
895	736113
2
1435	39570
1438	547852
2
1410	186088
1638	185663
2
1435	309541
1438	818299
2
1114	1213
2900	1194
2
1435	145557
1438	653891
2
3039	5959
3067	6088
2
894	732436
895	731366
2
3362	946
3363	1135
2
1435	219587
1438	728007
2
529	38201
2088	48371
2
894	179594
895	179159
2
120	376237
163	68829
2
529	28064
2088	38236
2
1214	1392340
3029	501799
2
1253	0
3091	0
2
1051	5478
2847	192097
2
1435	95608
1438	603902
2
1214	1449429
3029	558912
2
1051	12722
2847	199352
2
1204	8398
1210	7468
2
917	59106
928	62831
2
894	521587
895	520723
2
894	730344
895	729282
2
901	20949
912	20948
2
2087	18255
2088	167696
2
1214	1199867
3029	308913
2
1360	48371
3197	40615
2
1214	530224
3056	33456
2
737	70971
1627	70903
2
1142	3837
2935	3197
2
919	68561
926	68089
2
1353	264414
1658	45911
2
118	251948
119	254804
2
1377	34473
3217	34464
2
1212	96124
1775	66032
2
1214	572719
3056	76100
2
118	101269
119	104139
2
1537	28856
3444	34581
2
791	3083
2609	3222
2
530	11062
2088	91518
2
1420	38018
1438	481710
2
529	51145
2088	61322
2
1360	233325
3189	0
2
328	4834
1909	4762
2
1575	7173
3477	6416
2
638	1793
2449	1799
2
1410	83240
1638	82827
2
894	484483
895	483753
2
1214	496859
3056	0
2
894	604721
895	603777
2
941	83317
1254	82902
2
1214	1110579
3029	219790
2
1359	52799
1360	108853
2
1352	3200
1360	6397
2
1359	104410
1360	160362
2
531	0
2088	213486
2
1435	263315
1438	772063
2
941	68593
1254	68215
2
118	89106
119	91966
2
737	49395
1627	49274
2
3395	0
3396	0
2
769	50051
2587	50126
2
120	314568
163	7323
2
2084	20595
2088	115321
2
231	17305
234	162560
2
894	458340
895	457649
2
1435	247452
1438	756198
2
1328	21464
3171	21226
2
919	20360
926	20169
2
919	43624
926	43278
2
1360	32441
3197	24680
2
1358	9158
1360	277988
2
1626	71772
2492	49164
2
33	57860
190	12340
2
873	1304
874	1318
2
1358	36050
1360	304896
2
941	77099
1254	76672
2
1626	130338
2492	107698
2
118	267768
119	270643
2
1065	66556
2855	188763
2
1435	269119
1438	777869
2
1537	3964
3444	9692
2
1410	178925
1638	178497
2
1537	87014
3444	92791
2
1214	848021
3056	346856
2
1529	28807
1531	32024
2
1626	96510
2492	73867
2
119	293554
462	16714
2
1626	52478
2492	29910
2
1529	183360
1530	86427
2
1537	17109
3444	22832
2
1238	18056
1239	19083
2
1435	37678
1438	545961
2
1359	113341
1360	169282
2
119	299784
462	22944
2
1410	188590
1638	188165
2
1359	124080
1360	179996
2
917	37340
928	41070
2
1360	244513
3189	11233
2
531	93459
2088	306892
2
941	94625
1254	94104
2
941	89766
1254	89260
2
941	90322
1254	89815
2
1435	72660
1438	580940
2
1214	1095563
3029	204733
2
1214	711162
3056	214778
2
1435	242995
1438	751707
2
894	847184
895	845989
2
769	70730
2587	71258
2
941	151097
1254	150283
2
118	157610
119	160511
2
531	7997
2088	221496
2
806	4836
807	4911
2
1632	7494
2612	7495
2
1204	77111
1210	56621
2
407	3656
2733	1147
2
1328	51975
3171	51772
2
894	896791
895	895465
2
1214	640459
3056	143922
2
1214	965347
3029	74469
2
1214	1178919
3029	287972
2
641	2283
1624	2286
2
1358	37299
1360	306144
2
1529	170484
1530	73544
2
769	40521
2587	40542
2
894	279078
895	278506
2
1626	107222
2492	84593
2
1435	165437
1438	673795
2
1435	91654
1438	599946
2
1353	250602
1658	32097
2
2754	0
2755	0
2
1214	977615
3029	86711
2
1410	38545
1638	38153
2
1626	105272
2492	82640
2
338	1730
1927	1728
2
737	19962
1627	19806
2
1214	1360929
3029	470377
3
9	38217
1205	37906
3022	38226
2
894	609151
895	608203
2
2739	179
2740	182
2
894	69455
895	69309
2
1359	90071
1360	146014
2
941	18600
1254	18750
2
1200	57636
3031	54585
3
9	25763
1205	25475
3022	25769
2
919	58692
926	58263
2
1360	248300
3189	15028
2
1204	60990
1210	41061
2
531	137233
2088	350636
2
1137	4105
2932	4228
2
1632	40932
2612	40914
2
1360	12378
3197	4590
2
795	240949
796	11744
2
1430	564
1439	656959
2
1204	20889
1210	69328
2
1529	57656
1531	60901
2
1626	110516
2492	87887
2
2087	52441
2088	202026
2
1142	6187
2935	5548
2
1649	10525
3053	10525
2
592	34995
1620	35526
2
1435	260281
1438	769030
3
891	272
892	441
3267	272
2
1214	667807
3056	171337
2
737	48362
1627	48240
2
1212	63797
1775	33610
2
118	80496
119	83350
2
531	30152
2088	243647
2
407	2747
2733	241
2
1537	51295
3444	57067
2
1410	95226
1638	94782
2
1206	3898
1215	159559
2
529	54300
2088	64490
2
1214	940728
3029	50011
2
894	318991
895	318355
2
894	423103
895	422436
2
1137	8355
2932	8479
2
1214	939558
3029	48836
2
1438	466610
1589	3485
2
529	55591
2088	65786
2
338	272
1927	282
2
9	18689
1205	18416
2
1237	76669
1248	77079
2
3200	3256
3201	2792
2
1632	57741
2612	57705
2
1479	872034
1482	25779
2
1212	80604
1775	50446
2
1065	35904
2855	158048
2
1438	505875
1589	42518
2
373	0
1108	1666
2
3274	0
3275	0
2
891	0
3267	0
2
3269	0
3270	0
2
919	68018
926	67538
2
68	54665
1816	0
2
1687	0
3279	0
2
9	13001
3022	13007
2
1360	260046
3190	5115
2
3246	0
3286	0
2
361	0
1955	0
2
737	87429
1627	87395
2
994	70135
2704	9924
2
1252	13517
3151	13531
2
1410	1258
1638	858
2
941	430
1254	618
2
1214	1323707
3029	433123
2
1435	299239
1438	807994
2
231	4235
234	149496
2
894	180896
895	180449
2
1359	71401
1360	127354
2
894	506771
895	506004
2
531	66893
2088	280332
2
1575	15669
3477	14912
2
592	151868
1620	151707
2
529	59870
2088	70065
2
791	52281
2609	52448
2
118	77273
119	80124
2
1501	18166
1663	37764
2
1933	610
1934	627
2
1435	364892
1438	873694
2
894	744106
895	743033
2
1214	606220
3056	109628
2
894	75034
895	74853
2
1239	107912
1243	44486
2
1410	152779
1638	152335
2
894	288646
895	288062
2
894	292898
895	292297
2
894	339281
895	338632
2
941	27158
1254	27244
2
1214	791523
3056	290310
2
1435	62508
1438	570783
2
1430	18960
1439	675341
3
9	3328
1205	3061
3022	3330
2
894	235706
895	235253
2
894	421886
895	421221
2
894	547664
895	546788
2
894	510926
895	510149
2
737	22709
1627	22552
2
894	610304
895	609350
2
530	10429
2088	90882
2
1917	233
3503	230
2
1214	511160
3056	14323
2
9	39824
3022	39832
2
1237	38076
1248	38256
2
3405	669279
3498	934
2
1214	1258255
3029	367679
2
894	514912
895	514123
2
1626	69694
2492	47084
2
1435	349270
1438	858064
2
1214	1200501
3029	309548
2
806	27418
807	27487
2
1529	55985
1531	59230
2
1537	119837
3444	125646
2
901	55057
912	54973
2
118	111342
119	114216
2
737	78340
1627	78283
2
1214	535277
3056	38521
2
1214	1080087
3029	189254
2
1065	51861
2855	174052
2
1626	119489
2492	96851
2
1358	16197
1360	285032
2
118	21827
119	24560
2
120	383945
163	76509
2
1328	84495
3171	84327
2
2087	39604
2088	189112
2
1529	181802
1530	84872
2
1435	166957
1438	675315
2
1200	6095
3031	5393
2
1435	237519
1438	746233
2
1212	116329
1775	86334
2
1529	58183
1531	61429
2
1918	223
1920	227
2
1070	8728
1072	8175
2
901	47399
912	47324
2
1212	110630
1775	80626
2
1328	39484
3171	39261
2
1435	284459
1438	793206
2
127	13516
1099	13299
2
1214	1347876
3029	457306
2
1529	190392
1530	93448
2
529	60401
2088	70592
2
737	3338
1627	3193
2
1214	662208
3056	165724
2
68	41623
3253	966
2
382	15585
384	15779
2
1537	58049
3444	63824
2
1214	1068032
3029	177197
2
1435	385543
1438	894351
2
1435	25582
1438	533867
2
592	50989
1620	51413
2
1214	1030877
3029	139999
2
1214	616993
3056	120408
2
1410	132597
1638	132142
2
894	268530
895	268020
2
894	900824
895	899495
2
1537	12084
3444	17813
2
1529	172057
1530	75120
2
894	14357
895	14338
2
118	113840
119	116713
2
1214	1403318
3029	512820
2
1410	178002
1638	177573
2
846	49005
848	53199
2
1214	1181416
3029	290470
2
1214	1310649
3029	420053
2
1214	1213754
3029	322851
2
901	6014
912	5997
2
1214	1299413
3029	408828
2
1065	57753
2855	179944
2
1410	67346
1638	66949
2
1358	30674
1360	299511
2
1214	1320911
3029	430326
2
894	405298
895	404636
2
1237	5288
1248	5275
2
531	9823
2088	223322
2
531	69542
2088	282980
2
1214	1488081
3029	597495
2
894	634691
895	633712
2
1204	29460
1210	77936
2
894	602159
895	601232
2
894	316631
895	315991
2
1435	335066
1438	843826
2
1377	32541
3217	32531
2
1501	4147
1663	23746
2
518	73966
519	71554
2
1435	343958
1438	852748
2
769	25468
2587	25477
2
919	64720
926	64252
2
529	28982
2088	39153
2
941	62526
1254	62246
2
1214	722200
3056	225797
2
1328	101720
3171	101560
2
1214	1509461
3029	618836
2
1214	1442179
3029	551663
2
1359	73421
1360	129381
2
1212	39881
1775	9670
2
531	63875
2088	277314
2
1212	114227
1775	84226
2
769	23072
2587	23080
2
894	536179
895	535307
2
894	592387
895	591466
2
1632	45445
2612	45413
2
1410	149363
1638	148918
2
846	17473
848	21682
2
529	14629
2088	24794
2
1410	180342
1638	179912
2
1214	1461185
3029	570674
2
846	34762
848	38963
2
894	629679
895	628705
2
1410	63949
1638	63552
2
894	73117
895	72936
2
1632	59475
2612	59442
2
529	57042
2088	67237
2
1065	9629
2855	131694
2
1626	66120
2492	43514
2
1214	543262
3056	46454
2
1196	4106
3026	4107
2
795	235956
796	6744
2
901	30982
912	30959
2
894	394530
895	393866
2
894	585905
895	585006
2
1410	160592
1638	160158
2
2462	787
2463	788
2
1626	47526
2492	24966
2
1214	1464620
3029	574112
2
1537	71111
3444	76880
2
894	267496
895	266986
2
1435	355146
1438	863942
2
655	6205
2313	10
2
894	443794
895	443113
2
531	78721
2088	292161
2
127	2443
1099	2216
2
531	147164
2088	360560
4
3362	1052
3363	1241
3364	1375
3365	1460
2
531	73422
2088	286862
2
2084	2455
2088	97001
2
894	541705
895	540833
2
894	546173
895	545299
2
894	749226
895	748148
2
1353	278212
1658	59713
2
1353	273757
1658	55257
2
1575	18831
3477	18077
2
1114	17433
2900	17501
2
64	892
3403	348790
2
119	301006
462	24161
2
791	43350
2609	43515
2
1214	1481602
3029	591020
2
1196	828
3026	827
2
2084	43309
2088	138472
2
1632	19428
2612	19427
2
919	3442
926	3436
2
941	37031
1254	37022
2
1051	16722
2847	202702
2
1410	43146
1638	42753
2
1435	374860
1438	883669
2
1626	43119
2492	20560
2
894	526303
895	525436
2
118	40976
119	43758
2
894	589849
895	588944
2
68	33001
1956	520
2
894	783508
895	782380
2
894	578682
895	577797
2
1214	548691
3056	51890
2
894	146638
895	146306
2
1214	741869
3056	245467
2
592	39502
1620	40029
2
531	124642
2088	338051
2
488	898
499	5595
2
118	130767
119	133653
2
1051	24600
2847	210585
2
1359	124910
1360	180827
2
531	150428
2088	363818
2
1328	49140
3171	48933
2
1537	84489
3444	90265
2
894	672857
895	671830
2
1529	164805
1530	67858
2
1114	34534
2900	34807
2
33	60653
190	15135
2
1410	8606
1638	8213
2
1360	200677
3195	5926
2
994	80450
2704	20229
2
592	199948
1620	199741
2
1214	909982
3029	19185
2
1435	285729
1438	794476
3
1031	32
1032	33
2819	32
2
118	34177
119	36968
2
1410	80599
1638	80188
2
846	29342
848	33546
2
1214	778942
3056	277706
2
1214	795901
3056	294698
2
1435	337428
1438	846218
2
1214	838057
3056	336889
2
1328	33203
3171	32974
2
1214	1216823
3029	325916
2
1537	29496
3444	35223
2
1410	187373
1638	186948
2
1529	41551
1531	44778
2
1214	1214679
3029	323773
2
1214	942193
3029	51480
2
529	36624
2088	46792
2
1537	50039
3444	55809
2
1214	1404362
3029	513864
2
592	12711
1620	13349
2
737	30661
1627	30506
2
1214	854399
3056	353241
2
531	68414
2088	281853
2
1479	894001
1482	47793
2
1252	8736
3151	8730
2
592	144148
1620	143986
2
1114	40278
2900	40544
2
592	155096
1620	154938
2
531	35301
2088	248799
2
806	20557
807	20626
2
769	11199
2587	11204
2
769	41507
2587	41529
2
118	137883
119	140777
2
1501	8445
1663	28043
2
2087	35282
2088	184780
2
1435	330584
1438	839342
2
894	202650
895	202206
2
1501	14561
1663	34159
2
1438	473523
1589	10345
2
1420	93103
1589	28783
2
1359	25951
1360	82018
2
1200	25001
3031	22987
2
1575	14479
3477	13722
2
894	596079
895	595156
2
2075	145
2076	188
2
873	12214
874	12237
2
1500	74340
1503	12163
2
1435	352609
1438	861403
2
1626	80173
2492	57554
2
1537	151563
3444	157459
2
1430	35622
1439	692012
2
3168	1962
3169	1959
2
1503	5038
3407	6482
2
1379	85369
3500	1198
2
1537	86133
3444	91911
2
328	10069
1909	10301
2
894	898810
895	897482
2
1051	3988
2847	190605
2
894	857859
895	856670
2
1114	14889
2900	14926
2
1360	234583
3189	1313
2
592	100492
1620	100554
2
917	5297
928	9032
2
1430	17437
1439	673817
2
737	40423
1627	40272
2
1435	376037
1438	884846
2
1214	719115
3056	222711
2
531	111978
2088	325386
2
1377	1883
3217	1898
2
1537	146473
3444	152353
2
894	612708
895	611743
2
1353	295369
1658	3773
2
1214	914855
3029	24064
2
531	571
2088	214058
2
1435	387175
1438	895983
2
231	11150
234	156401
2
1359	93986
1360	149928
4
1918	224
1919	226
1923	228
3503	232
2
1917	235
1920	228
2
119	312536
462	35685
2
1214	1092084
3029	201248
2
941	145034
1254	144224
2
894	42781
895	42747
2
1479	850540
1482	4302
2
1239	114580
1243	51158
2
894	921227
895	919892
2
531	64786
2088	278225
2
971	5127
1309	1450
2
1065	27823
2855	149929
2
1328	28899
3171	28668
2
118	87923
119	90785
2
994	63457
2704	3240
2
2084	25675
2088	120523
2
894	753628
895	752547
2
1360	197734
3195	2977
2
1360	252178
3189	18909
2
894	915199
895	913866
2
1183	1647
1184	129503
2
941	57224
1254	56948
2
846	1403
848	5608
2
737	42141
1627	41989
3
9	30720
1205	30419
3022	30731
2
1239	88841
1243	25411
2
531	77008
2088	290449
2
119	310095
462	33247
2
1537	138828
3444	144691
2
1529	69432
1531	72705
2
917	34588
928	38319
2
531	115392
2088	328803
2
118	221006
119	223924
2
1353	294567
1658	2969
2
1214	837492
3056	336324
2
1205	7428
3022	7703
2
1359	119748
1360	175684
2
1328	36574
3171	36350
2
1214	932805
3029	42072
8
331	927
1917	976
1918	921
1920	928
1921	927
1923	948
2165	4572
3503	965
2
894	520789
895	519929
2
1328	91859
3171	91693
2
529	39929
2088	50100
2
1359	56469
1360	112505
2
1214	1071527
3029	180691
2
917	43987
928	47713
2
1360	261309
3190	6375
2
1214	1302938
3029	412352
2
902	4441
3403	195977
2
679	5261
2969	5229
2
120	388175
163	80726
2
1214	680991
3056	184589
2
865	5684
1912	817
2
1537	32418
3444	38144
3
9	41376
1205	41055
3022	41384
2
1214	1451019
3029	560503
2
707	9108
1626	25062
2
118	186292
119	189158
2
1430	36896
1439	693285
2
118	209957
119	212875
2
118	14625
119	14778
2
1214	1192478
3029	301518
2
1093	3423
1095	174126
2
1114	38628
2900	38891
2
1214	1477507
3029	586924
2
1377	20224
3217	20217
2
1214	714446
3056	218041
2
1328	71910
3171	71734
2
972	1272
2751	1273
2
1214	860079
3056	358886
2
1435	36957
1438	545240
2
1214	1444818
3029	554303
2
769	18591
2587	18593
2
1537	149942
3444	155831
2
828	28895
3425	41520
2
531	133919
2088	347323
2
941	147000
1254	146189
2
1358	17400
1360	286234
2
231	202
234	145462
2
1214	1339302
3029	448725
2
894	617319
895	616350
2
120	362219
163	54856
2
1214	1295534
3029	404949
