2
102	879
103	692
2
102	3093
103	2905
2
670	8336
987	8334
2
670	2396
987	2397
2
670	5985
987	5984
2
148	5991
888	3842
2
102	6888
103	6703
2
499	2541
1018	2527
2
357	10990
358	11009
2
357	16557
358	16585
2
357	14787
358	14812
2
1001	4279
1002	3447
2
978	7432
992	7507
2
461	8580
937	8005
2
670	9871
987	9869
2
376	11345
874	11320
2
376	4679
874	4678
2
461	6025
937	5459
2
433	3065
914	3068
2
433	726
914	728
2
670	0
987	0
2
394	6185
520	2992
2
285	0
286	0
2
499	326
1018	315
2
357	5365
358	5382
2
289	1145
947	1117
2
433	7808
914	7810
2
180	1961
742	1965
2
357	1133
358	1144
2
102	4860
103	4671
2
189	781
199	4834
2
461	10381
937	9810
2
289	4456
947	4428
