2
73	0
699	0
2
670	5599
987	5597
2
102	879
103	692
2
75	1379
425	798
2
102	3093
103	2905
2
376	5910
874	5907
2
20	7622
685	7565
2
25	3194
786	470
2
670	5214
987	5213
2
219	2132
754	2227
2
189	0
199	4051
2
357	4840
358	4858
2
330	0
330	5203
2
330	579
330	5777
2
212	12402
275	12242
2
11	7463
486	22930
2
237	4933
240	4968
2
11	1035
486	16477
2
438	5055
439	4666
2
180	1172
742	1175
2
285	1743
286	1744
2
289	172
947	145
2
148	4615
888	2475
2
978	910
992	1025
2
461	11582
937	11012
2
20	3026
685	2956
2
316	4902
803	4938
2
670	8336
987	8334
2
670	7091
987	7089
2
102	185
103	0
2
1001	9355
1002	8533
2
73	4436
699	4488
2
357	3308
358	3324
2
589	1477
605	1457
2
237	655
240	710
2
480	4029
481	4134
2
73	5057
699	5107
2
289	9730
947	9695
2
670	2396
987	2397
2
670	5985
987	5984
2
25	4301
786	942
2
701	1003
849	3893
2
148	4192
888	2051
2
978	362
992	481
2
160	827
606	1840
2
73	6208
699	6259
2
480	12249
481	12657
2
461	2513
937	1949
2
1001	7151
1002	6329
2
589	2684
605	2585
2
219	5286
754	5374
2
237	2748
240	2772
2
219	8707
754	9775
2
148	5991
888	3842
2
1001	2199
1002	1366
2
111	1008
708	5781
2
813	471
814	514
2
713	1918
717	1428
2
499	10173
1018	10179
2
535	6390
1027	6341
2
357	9311
358	9331
2
357	2223
358	2235
2
6	1836
17	879
2
11	2016
486	17464
2
461	11909
937	11339
2
282	4774
284	4581
2
102	6888
103	6703
2
1001	7989
1002	7167
2
219	5695
754	5779
2
357	13373
358	13395
2
376	3886
874	3882
2
11	3767
486	19217
2
118	13901
714	14520
2
11	4295
486	19754
2
237	932
240	987
2
32	1610
1036	1224
2
289	8746
947	8714
2
42	4468
843	583
2
289	11154
947	11117
2
118	2125
714	1944
2
433	422
914	424
2
499	2541
1018	2527
2
148	7275
888	5120
2
711	2747
750	2080
2
118	3352
714	3294
2
376	7994
874	7983
3
306	2270
306	2963
306	3780
2
713	5048
717	4584
2
357	10990
358	11009
2
191	2539
198	3524
2
357	16557
358	16585
2
376	6790
874	6785
2
289	10012
947	9976
2
357	6939
358	6959
2
219	7890
754	8961
2
978	3981
992	4092
2
20	440
685	363
2
711	1392
750	730
2
357	14787
358	14812
2
73	4093
699	4145
2
1001	4279
1002	3447
2
28	2253
344	556
2
978	7432
992	7507
2
461	8580
937	8005
2
118	12035
714	12249
2
461	1428
937	863
2
357	14161
358	14185
2
670	9871
987	9869
2
212	11393
275	11228
2
480	12977
481	13391
2
535	10631
1027	10604
2
535	854
1027	815
2
438	5843
439	5454
2
282	11682
284	11446
2
11	10666
486	26158
2
548	1245
549	1051
2
219	9417
754	10485
2
11	4647
486	20110
2
11	3114
486	18563
2
11	5803
486	21264
2
75	798
425	214
2
180	0
742	0
2
148	3920
888	1783
2
713	8596
717	8113
2
376	2333
874	2327
2
438	3050
439	2831
2
978	2805
992	2916
2
376	11345
874	11320
2
330	3885
330	9041
2
376	7630
874	7625
2
499	1599
1018	1586
2
118	10469
714	10675
2
376	10993
874	10972
2
20	4816
685	4735
2
461	738
937	171
2
271	215
271	2794
2
376	4679
874	4678
2
118	14431
714	15058
2
461	6025
937	5459
2
376	226
874	226
2
73	414
699	417
2
118	7938
714	8142
2
148	7552
888	5397
2
212	8726
275	8555
2
978	6721
992	6797
2
1001	3086
1002	2254
2
219	3197
754	3284
2
433	3065
914	3068
2
285	2347
286	2350
2
292	2628
436	3055
2
19	2044
685	2483
2
499	9413
1018	9403
2
20	1477
685	1418
2
118	1460
714	1279
2
572	2884
760	5603
2
670	8014
987	8013
2
535	9595
1027	9547
2
418	1335
1010	1441
2
357	8001
358	8025
2
357	2928
358	2945
2
357	9671
358	9693
2
20	1018
685	947
2
148	5210
888	3064
2
499	8365
1018	8351
2
433	726
914	728
2
6	3297
17	2289
2
394	5602
520	2408
2
212	15123
275	14967
2
118	9852
714	10061
2
32	1883
1036	1498
2
11	11463
486	26954
2
73	2147
699	2180
2
73	3212
699	3249
2
118	7177
714	7379
2
357	8939
358	8957
2
535	14829
1027	14704
2
357	8575
358	8600
2
461	12580
937	12001
2
75	1849
425	1269
2
11	484
486	15928
2
978	2313
992	2426
2
995	2101
996	1987
2
589	717
605	701
2
265	5665
573	1281
2
376	1578
874	1573
2
670	0
987	0
2
219	8368
754	9438
2
978	1830
992	1944
2
6	4199
17	3191
2
394	6185
520	2992
2
25	3605
786	1962
2
42	7811
554	2905
2
20	5810
685	5734
2
461	3983
937	3421
2
54	4585
396	2822
2
711	3509
750	2840
2
180	594
742	595
2
511	808
814	2471
2
1001	8938
1002	8117
2
28	1919
344	218
2
237	145
240	199
2
285	0
286	0
2
589	235
605	218
2
499	8942
1018	8931
2
289	3525
947	3497
2
480	6371
481	6647
2
357	4188
358	4206
2
511	1307
814	2971
2
978	5553
992	5658
2
11	5436
486	20898
2
282	5171
284	4976
2
376	8251
874	8239
2
289	7399
947	7368
2
330	3492
330	8653
2
480	15302
481	15719
2
499	326
1018	315
2
511	497
814	2162
2
357	5365
358	5382
2
713	7641
717	7161
2
289	2771
947	2742
2
289	1145
947	1117
2
430	4088
655	8635
2
357	299
358	312
2
330	925
330	6123
2
760	5146
930	408
2
237	5694
240	5726
2
1001	1348
1002	513
2
670	3794
987	3797
2
20	8581
685	8527
2
330	2712
330	7873
2
499	7398
1018	7384
2
102	2560
103	2372
2
289	9295
947	9260
2
711	1680
750	1016
2
499	6801
1018	6787
2
499	10979
1018	10990
2
237	2445
240	2502
2
394	4181
520	985
2
711	3221
750	2553
2
118	11044
714	11251
2
376	2863
874	2859
2
102	4487
103	4300
2
433	7808
914	7810
2
212	7672
275	7498
2
548	0
549	121
2
216	477
659	3624
2
711	2113
750	1449
2
212	13097
275	12934
2
548	2097
549	1901
2
438	6831
439	6376
2
212	3977
275	3796
2
73	1219
699	1226
2
87	2298
639	994
2
11	1678
486	17129
2
180	1961
742	1965
2
282	15343
284	15131
2
219	6745
754	7814
2
28	3214
344	1526
2
433	0
914	0
2
219	774
754	867
2
978	5065
992	5170
2
293	3879
526	3873
2
25	3970
786	2327
2
73	2778
699	2812
2
461	3310
937	2748
2
713	1097
717	575
2
118	4225
714	4170
2
118	6233
714	6284
2
293	401
526	389
2
376	9606
874	9592
2
376	9194
874	9181
2
535	11951
1027	11883
2
376	875
874	871
3
19	259
20	756
685	679
2
20	6509
685	6452
2
357	1133
358	1144
2
148	3610
888	1475
2
978	3321
992	3431
2
376	10082
874	10062
2
148	3098
888	964
2
191	2840
198	3912
2
148	2334
888	203
2
212	9437
275	9262
2
20	3504
685	3433
2
461	5304
937	4741
2
713	5529
717	5061
2
438	2297
439	2083
2
535	1962
1027	1921
2
438	7437
439	6980
2
499	11474
1018	11484
2
535	13588
1027	13493
2
1001	3947
1002	3113
2
102	4860
103	4671
2
212	1719
275	1543
2
42	7335
554	2433
2
111	410
708	5183
2
20	2390
685	2329
2
394	7593
520	4398
2
11	7040
486	22501
2
54	3624
396	1853
2
1001	1032
1002	196
2
438	1127
439	913
2
11	9836
486	25319
2
572	3562
930	323
2
1001	7601
1002	6780
2
644	29
645	28
2
189	781
199	4834
2
535	2256
1027	2203
2
32	656
1036	251
2
357	12389
358	12408
2
357	14525
358	14551
2
357	6504
358	6523
2
357	16050
358	16078
2
289	10470
947	10435
2
118	8771
714	8982
2
237	4023
240	4056
2
6	4994
17	3985
2
316	5498
803	5652
2
711	4330
750	3662
2
480	13891
481	14301
2
216	2866
659	6064
2
670	4208
987	4209
2
219	6387
754	6466
2
216	1143
659	4289
2
461	10381
937	9810
2
20	4294
685	4227
2
713	2949
717	2462
2
357	762
358	773
2
130	2120
957	747
2
237	1703
240	1760
2
289	6383
947	6353
2
289	4456
947	4428
2
480	903
481	904
2
1001	2522
1002	1690
2
216	1892
659	5086
2
713	3557
717	3100
2
73	5865
699	5915
2
357	10509
358	10529
2
430	5614
655	11502
2
289	10734
947	10697
2
130	1420
957	48
2
118	12485
714	12703
2
548	857
549	664
2
589	3894
605	3778
2
316	2244
803	2299
