2
894	326504
895	325860
2
1353	299901
1658	8308
2
1377	14141
3217	14142
2
894	715091
895	714038
2
1632	35017
2612	34995
2
894	213573
895	213130
2
894	135898
895	135566
2
941	112233
1254	111560
2
769	80547
2587	81115
2
707	15687
1626	31639
2
529	0
2088	10172
2
894	958313
895	956963
2
894	853196
895	852011
2
1328	95507
3171	95345
2
531	19835
2088	233330
2
894	760405
895	759315
2
894	17700
895	17679
2
1435	180777
1438	689155
2
894	775699
895	774584
2
894	924349
895	923014
2
917	52871
928	56596
2
1328	12333
3171	12090
2
1252	3028
3151	3022
2
894	356632
895	355980
2
894	151299
895	150951
2
894	63315
895	63236
2
894	495852
895	495085
2
1410	24206
1638	23816
2
1649	11741
3053	11741
2
894	690185
895	689141
2
941	152518
1254	151701
2
1058	3540
2850	3543
2
1353	268525
1658	50022
2
894	563121
895	562238
2
894	122013
895	121690
2
894	32611
895	32584
2
1435	2054
1438	510260
2
894	362203
895	361553
2
1377	27319
3217	27310
2
894	409816
895	409152
2
1353	311213
1658	19591
2
894	331699
895	331054
2
1435	46088
1438	554371
3
9	8297
1205	8027
3022	8302
2
531	87533
2088	300969
2
1612	62
2026	68
2
1055	488
1055	23775
2
894	370335
895	369684
2
894	942018
895	940670
2
894	841468
895	840274
2
894	821919
895	820725
2
1430	4126
1439	660504
2
529	64619
2088	74812
2
894	98334
895	98073
2
806	11756
807	11829
2
894	399208
895	398548
2
894	89392
895	89139
2
894	115914
895	115593
2
1353	257132
1658	38628
2
894	464784
895	464093
2
894	218894
895	218449
2
894	949061
895	947718
2
894	82924
895	82727
2
1410	31732
1638	31340
2
894	458340
895	457649
2
894	339281
895	338632
2
1410	43146
1638	42753
2
806	20557
807	20626
2
531	571
2088	214058
2
1205	30419
3022	30731
2
1205	7428
3022	7703
2
894	617319
895	616350
