2
1214	1469752
3029	579253
2
806	6119
807	6194
2
1410	20228
1638	19838
2
894	48533
895	48485
2
1435	396275
1438	905084
2
1214	1045202
3029	154333
2
894	446342
895	445661
2
1377	4032
3217	4045
2
894	131272
895	130949
2
894	709233
895	708181
2
894	326504
895	325860
2
894	745201
895	744129
2
1435	200155
1438	708573
2
531	108653
2088	322061
2
894	572272
895	571387
2
791	50098
2609	50265
2
894	395326
895	394667
2
1430	23416
1439	679806
2
1353	299901
1658	8308
2
1358	21937
1360	290773
2
894	640860
895	639863
2
1377	14141
3217	14142
2
846	12636
848	16846
2
1435	313306
1438	822061
2
894	715091
895	714038
2
569	12
2216	0
2
894	833802
895	832608
2
1632	35017
2612	34995
2
894	108931
895	108663
2
1353	253340
1658	34834
2
1328	45417
3171	45204
2
1239	101997
1243	38569
3
569	968
2215	967
2216	956
2
769	63428
2587	63851
2
894	323065
895	322427
2
1410	55912
1638	55519
2
1214	1059220
3029	168378
2
1328	58645
3171	58443
2
894	213573
895	213130
2
894	10006
895	9987
2
1537	22601
3444	28324
2
894	955246
895	953898
2
1529	50127
1531	53373
2
1239	96048
1243	32619
2
1214	1485041
3029	594458
2
1065	11414
2855	133488
2
529	31816
2088	41984
2
894	135898
895	135566
2
894	299919
895	299311
2
941	112233
1254	111560
2
1214	1418127
3029	527616
2
769	89368
2587	89944
2
769	80547
2587	81115
2
894	733244
895	732174
2
707	15687
1626	31639
2
1328	8524
3171	8280
2
894	38688
895	38659
2
1239	76476
1243	13042
2
1214	1364112
3029	473564
2
1358	41989
1360	310843
2
894	290403
895	289811
2
529	0
2088	10172
2
1410	14222
1638	13834
2
917	25071
928	28807
2
894	958313
895	956963
2
894	576350
895	575465
2
1214	655759
3056	159265
2
2564	54
3453	42685
2
894	772738
895	771624
2
1410	174665
1638	174235
3
9	31767
1205	31466
3022	31778
2
894	492419
895	491653
2
894	432112
895	431438
2
894	965383
895	964094
2
1537	94074
3444	99856
2
941	78140
1254	77731
2
1328	105373
3171	105232
2
1214	719943
3056	223540
2
707	20317
1626	36269
2
1379	88314
3500	4128
2
769	77879
2587	78445
2
9	16037
1205	15764
2
894	780836
895	779713
2
894	853196
895	852011
2
894	309172
895	308555
2
1328	95507
3171	95345
2
806	17712
807	17784
2
894	352770
895	352120
2
300	0
1874	0
2
531	19835
2088	233330
2
529	6804
2088	16976
2
2084	37620
2088	132695
2
769	36450
2587	36468
2
1214	1160709
3029	269765
2
1575	3466
3477	2705
2
894	892696
895	891395
2
894	760405
895	759315
2
894	901748
895	900421
2
1065	4384
2855	126456
2
1430	14404
1439	670785
2
894	858841
895	857654
2
894	296845
895	296237
2
894	17700
895	17679
2
1632	13882
2612	13889
2
894	438639
895	437960
2
1626	85271
2492	62644
2
119	307007
462	30161
2
267	8068
268	7846
2
1632	46516
2612	46483
2
894	25265
895	25236
2
1435	13547
1438	521754
2
1435	180777
1438	689155
2
737	35960
1627	35809
2
894	836515
895	835321
2
941	71737
1254	71354
2
894	775699
895	774584
2
1410	120641
1638	120183
2
894	924349
895	923014
2
769	1273
2587	1264
2
894	889367
895	888070
2
917	52871
928	56596
2
917	50292
928	54015
2
1328	12333
3171	12090
2
1353	319792
1658	28165
2
531	39712
2088	253212
2
1214	610047
3056	113457
2
1435	54805
1438	563087
2
894	105081
895	104820
2
1435	7055
1438	515260
2
1214	895135
3029	4309
2
894	51937
895	51858
2
894	936654
895	935311
2
1632	21802
2612	21801
2
917	10821
928	14555
2
894	661220
895	660202
2
1252	3028
3151	3022
2
894	793546
895	792409
2
1410	48246
1638	47853
2
1410	162579
1638	162148
2
894	356632
895	355980
2
894	712797
895	711744
2
894	532237
895	531373
2
894	59298
895	59222
2
1435	139001
1438	647332
2
941	101407
1254	100873
2
894	827339
895	826146
2
894	151299
895	150951
2
894	63315
895	63236
2
894	681343
895	680300
2
894	27430
895	27400
2
894	649620
895	648618
2
3512	7431
3513	6978
2
894	667470
895	666444
2
894	495852
895	495085
2
1410	24206
1638	23816
2
1649	11741
3053	11741
2
1626	2914
2492	2911
2
941	131227
1254	130432
2
1435	400170
1438	908978
2
894	690185
895	689141
2
894	930321
895	928982
2
2087	5385
2088	154835
2
1065	60783
2855	182979
2
1212	117172
1775	87178
2
1214	910712
3029	19914
2
1537	30338
3444	36064
2
1501	6160
1663	25758
2
894	848903
895	847708
2
9	21383
3022	21389
2
894	237147
895	236693
2
531	61352
2088	274806
2
1435	233169
1438	741877
2
1214	1157608
3029	266660
2
707	740
1626	16696
2
1410	87512
1638	87094
2
1537	39063
3444	44790
2
1626	132650
2492	110006
2
894	225184
895	224737
2
1626	7261
2492	7259
2
1328	89362
3171	89195
2
894	614851
895	613884
2
894	817762
895	816590
2
806	9084
807	9159
2
894	538282
895	537410
2
1214	1083687
3029	192850
2
120	307784
163	533
2
894	599966
895	599039
2
1410	111575
1638	111116
2
118	93531
119	96394
2
769	85118
2587	85685
2
941	152518
1254	151701
2
9	3122
3022	3124
2
941	120108
1254	119436
2
707	11768
1626	27722
2
894	653724
895	652720
2
1205	40845
3022	41174
2
1214	1253100
3029	362512
2
1058	3540
2850	3543
2
1328	41963
3171	41741
2
1353	268525
1658	50022
2
917	28565
928	32301
2
1435	205891
1438	714308
2
1214	947183
3029	56473
2
529	41718
2088	51891
2
894	563121
895	562238
2
335	863
336	864
2
769	55830
2587	56174
2
1632	28705
2612	28686
2
894	122013
895	121690
2
1649	0
3053	0
2
1377	8039
3217	8049
2
894	32611
895	32584
2
894	704818
895	703770
2
894	906440
895	905115
2
2087	9781
2088	159227
2
894	434563
895	433888
2
1214	1318071
3029	427485
2
1214	1427250
3029	536732
2
1239	81057
1243	17626
2
894	313238
895	312598
2
1410	116743
1638	116285
2
1328	67683
3171	67495
2
231	32643
234	177906
2
1435	2054
1438	510260
2
894	94208
895	93950
2
917	6702
928	10437
2
1358	44711
1360	313566
2
9	23535
3022	23541
2
1212	59227
1775	29033
2
894	192090
895	191637
2
267	5658
268	5433
2
894	362203
895	361553
2
118	253274
119	256130
2
894	698717
895	697667
2
917	45656
928	49380
2
2084	17295
2088	111933
2
1632	2582
2612	2583
2
894	231647
895	231196
2
1358	12065
1360	280901
2
1377	27319
3217	27310
2
894	409816
895	409152
2
1214	797798
3056	296597
2
118	269279
119	272155
2
1353	311213
1658	19591
2
1537	113348
3444	119156
2
1358	1477
1360	270305
2
894	331699
895	331054
2
1353	265576
1658	47073
2
894	830509
895	829315
2
894	675660
895	674616
2
1435	127659
1438	635988
2
894	429868
895	429196
2
1626	48099
2492	25539
2
1435	46088
1438	554371
2
1410	114197
1638	113738
2
1328	113686
3171	113596
2
894	3102
895	3090
2
1239	89660
1243	26229
2
427	28390
1130	17959
3
9	8297
1205	8027
3022	8302
2
894	728181
895	727120
2
531	87533
2088	300969
2
1435	123941
1438	632270
2
1200	32284
3031	29764
2
1435	116245
1438	624574
2
894	550326
895	549449
2
120	331988
163	24726
2
1353	281320
1658	62820
2
769	30372
2587	30388
2
1410	123884
1638	123426
2
2087	55495
2088	205083
2
1612	62
2026	68
2
1626	59745
2492	37167
2
1058	845
2850	847
2
941	87557
1254	87052
2
1214	705252
3056	208858
2
1435	302928
1438	811683
2
531	119343
2088	332754
2
894	916540
895	915209
2
9	51881
3022	51890
2
1353	296968
1658	5374
2
1055	488
1055	23775
2
1435	248127
1438	756872
2
894	370335
895	369684
2
1328	86381
3171	86213
2
894	942018
895	940670
2
894	841468
895	840274
2
894	821919
895	820725
2
1430	4126
1439	660504
2
894	861846
895	860652
2
1214	1267719
3029	377135
2
529	47525
2088	57697
2
894	876473
895	875266
2
529	64619
2088	74812
2
894	98334
895	98073
2
1358	5925
1360	274754
2
1410	171142
1638	170710
2
917	21152
928	24889
2
894	802982
895	801842
2
1214	518244
3056	21461
2
941	11301
1254	11479
2
806	11756
807	11829
2
769	45021
2587	45045
2
1377	36237
3217	36224
2
894	391041
895	390385
2
894	450425
895	449739
2
894	934127
895	932785
2
894	293441
895	292839
2
894	399208
895	398548
2
1435	43808
1438	552088
2
894	209248
895	208805
2
894	453287
895	452599
2
894	89392
895	89139
2
894	170438
895	170053
2
894	115914
895	115593
2
1239	69297
1243	5862
2
894	249582
895	249123
2
1435	131447
1438	639776
2
1214	1007993
3029	117104
2
941	135709
1254	134897
2
1410	128835
1638	128379
2
894	626740
895	625766
2
1353	257132
1658	38628
2
894	770122
895	769000
2
894	406923
895	406259
2
1435	20705
1438	528916
2
1212	104390
1775	74370
2
894	388663
895	388008
2
531	142550
2088	355944
2
737	50330
1627	50210
2
894	789321
895	788183
2
1214	1261392
3029	370799
2
894	427072
895	426403
2
894	242534
895	242075
2
1328	77687
3171	77514
2
894	464784
895	464093
2
737	57641
1627	57521
2
894	218894
895	218449
2
1239	93654
1243	30224
2
3162	0
3164	0
2
769	34356
2587	34374
2
1353	316473
1658	24849
2
1410	98945
1638	98492
2
1537	89565
3444	95347
2
1214	503110
3056	6268
2
894	949061
895	947718
2
894	128
895	116
2
1410	137102
1638	136648
2
1360	27649
3197	19888
2
894	82924
895	82727
2
894	864024
895	862829
2
894	755726
895	754640
2
531	85032
2088	298469
2
9	35491
3022	35500
2
1410	31732
1638	31340
2
894	469661
895	468967
2
1435	96642
1438	604935
2
1435	150540
1438	658895
2
1212	85692
1775	55587
2
894	737181
895	736113
2
530	11062
2088	91518
2
1575	7173
3477	6416
2
1352	3200
1360	6397
2
941	68593
1254	68215
2
894	458340
895	457649
2
1360	32441
3197	24680
2
1537	3964
3444	9692
2
917	37340
928	41070
2
941	90322
1254	89815
2
1328	51975
3171	51772
2
1626	107222
2492	84593
2
1353	250602
1658	32097
2
894	318991
895	318355
2
941	430
1254	618
2
894	75034
895	74853
2
894	339281
895	338632
3
9	3328
1205	3061
3022	3330
2
894	547664
895	546788
2
894	514912
895	514123
2
120	383945
163	76509
2
1410	132597
1638	132142
2
1214	1299413
3029	408828
2
531	9823
2088	223322
2
894	316631
895	315991
2
894	585905
895	585006
2
894	443794
895	443113
2
894	541705
895	540833
2
894	749226
895	748148
2
1632	19428
2612	19427
2
1410	43146
1638	42753
2
1435	285729
1438	794476
2
531	35301
2088	248799
2
806	20557
807	20626
2
769	41507
2587	41529
2
1501	8445
1663	28043
2
894	202650
895	202206
2
531	571
2088	214058
2
894	921227
895	919892
2
1328	28899
3171	28668
2
1205	30419
3022	30731
2
1205	7428
3022	7703
2
1214	680991
3056	184589
2
1537	32418
3444	38144
2
9	41376
3022	41384
2
769	18591
2587	18593
2
1358	17400
1360	286234
2
894	617319
895	616350
