2
282	8841
284	8636
2
713	10846
717	10347
2
282	16513
284	16305
2
73	0
699	0
2
6	5531
17	4520
2
11	2509
486	17963
2
670	5599
987	5597
2
102	879
103	692
2
75	1379
425	798
2
480	7122
481	7436
2
102	3093
103	2905
2
376	5910
874	5907
2
20	7622
685	7565
2
330	328
330	5530
2
219	488
754	579
2
25	3194
786	470
2
535	16351
1027	16178
2
54	4330
396	2568
2
535	3066
1027	3014
2
670	5214
987	5213
2
212	15887
275	15734
2
480	7473
481	7790
2
292	3272
436	3696
2
589	3624
605	3512
2
219	2132
754	2227
2
212	14948
275	14789
2
189	0
199	4051
2
212	10673
275	10508
2
148	5760
888	3615
2
357	4840
358	4858
2
11	8078
486	23541
2
330	0
330	5203
2
330	579
330	5777
2
293	2628
526	2591
2
480	12018
481	12422
2
282	0
282	401
2
11	0
486	15444
2
42	5719
554	808
2
212	12120
275	11958
2
212	12402
275	12242
2
430	4730
655	9748
2
11	7463
486	22930
2
535	6254
1027	6205
2
237	4933
240	4968
2
11	1035
486	16477
2
216	1009
659	4153
2
73	7890
699	7928
2
430	7230
655	15505
2
82	298
668	571
2
438	5055
439	4666
2
180	1172
742	1175
2
285	1743
286	1744
2
289	172
947	145
2
316	4390
803	4426
2
148	4615
888	2475
2
535	9867
1027	9821
2
219	12027
754	7616
2
978	910
992	1025
2
316	3468
803	3517
2
480	2392
481	2405
2
713	12370
717	11844
2
461	11582
937	11012
2
219	10417
754	11474
2
295	24699
982	11789
2
20	3026
685	2956
2
316	4902
803	4938
2
670	8336
987	8334
2
480	1408
481	1410
2
11	9380
486	24862
2
670	7091
987	7089
2
430	8888
431	7101
2
535	16199
1027	16024
3
979	1451
979	1707
979	1952
2
713	6438
717	5956
2
118	6969
714	7172
2
102	185
103	0
2
118	7631
714	7833
2
289	0
947	0
2
11	890
486	16331
2
1001	9355
1002	8533
2
438	1951
439	1736
2
480	8130
481	8446
2
73	4436
699	4488
2
438	1489
439	1274
2
73	7479
699	7523
2
212	391
275	15
2
357	3308
358	3324
2
118	8231
714	8434
2
480	403
481	403
2
1085	8
1085	173
2
589	1477
605	1457
2
237	655
240	710
2
480	4029
481	4134
2
73	5057
699	5107
2
11	248
486	15694
2
289	9730
947	9695
2
670	2396
987	2397
2
670	5985
987	5984
2
25	4301
786	942
2
713	11668
717	11144
2
28	171
344	43
2
701	1003
849	3893
2
430	7672
655	15952
2
282	3949
284	3783
2
148	4192
888	2051
2
978	362
992	481
2
438	8404
439	7940
2
410	5411
524	4739
2
11	8988
486	24464
2
330	4253
330	9406
2
160	827
606	1840
2
366	2286
481	2706
2
212	11811
275	11646
5
428	307
514	169
515	315
749	210
783	299
2
289	8546
947	8515
2
73	6208
699	6259
2
524	2031
1014	2691
2
480	12249
481	12657
2
295	20407
482	15934
2
118	841
714	654
2
118	13741
714	14360
2
219	2890
754	2982
2
461	2513
937	1949
2
316	4173
803	4211
2
1001	7151
1002	6329
2
430	6830
655	14368
2
713	10426
717	9930
2
589	2684
605	2585
2
6	4633
17	3624
2
978	201
992	321
2
221	2059
269	9618
2
430	2643
655	5814
2
292	316
436	731
2
212	12888
275	12726
2
219	2587
754	2677
2
212	4848
275	4678
2
219	5286
754	5374
2
237	2748
240	2772
2
219	8707
754	9775
2
20	6219
685	6148
2
438	6605
439	6158
2
148	5991
888	3842
2
535	1587
1027	1544
2
219	1283
754	1377
2
212	15439
275	15282
2
219	4387
754	4477
2
25	737
664	1779
2
1001	1820
1002	987
2
1001	2199
1002	1366
2
111	1008
708	5781
2
480	17470
481	17920
2
237	1507
240	1564
2
713	951
713	5369
2
813	471
814	514
2
25	1803
664	4585
2
289	7925
947	7895
2
713	1918
717	1428
2
499	10173
1018	10179
2
6	5260
17	4251
2
535	6390
1027	6341
2
357	9311
358	9331
2
357	2223
358	2235
2
6	1836
17	879
2
102	6716
103	6529
2
11	2016
486	17464
2
11	748
486	16190
2
739	1838
739	2049
2
282	14285
284	14067
2
461	11909
937	11339
2
282	4774
284	4581
2
102	6888
103	6703
2
713	2228
717	1737
2
1001	3544
1002	2712
2
430	6613
655	14150
2
219	3720
754	3812
2
438	2855
439	2638
2
461	10187
937	9613
2
1001	7989
1002	7167
2
11	2923
486	18375
2
105	11732
119	6697
2
430	5210
655	10776
2
219	5695
754	5779
2
6	2698
17	1744
2
357	13373
358	13395
2
118	8367
714	8571
2
118	8575
714	8784
2
376	3886
874	3882
2
11	3767
486	19217
2
118	13901
714	14520
2
660	2560
660	4042
2
503	349
503	2625
2
511	2084
814	3755
2
11	8694
486	24169
2
480	8412
481	8732
2
11	4295
486	19754
2
438	4891
439	4503
2
237	932
240	987
2
75	2384
425	1804
2
430	3935
431	3272
2
32	1610
1036	1224
2
289	8746
947	8714
2
219	9943
754	11008
2
118	1281
714	1098
2
42	4468
843	583
2
289	11154
947	11117
2
760	4136
946	343
2
118	5843
714	5897
2
118	2125
714	1944
2
430	3270
655	7055
2
433	422
914	424
2
499	2541
1018	2527
2
148	7275
888	5120
2
418	304
1010	242
2
219	1623
754	1718
2
430	918
655	1833
2
42	4336
75	666
2
711	2747
750	2080
2
118	3352
714	3294
2
6	3992
17	2984
2
480	18315
481	18757
2
376	7994
874	7983
2
212	13904
275	13743
2
995	324
996	443
3
306	2270
306	2963
306	3780
2
713	5048
717	4584
2
11	7900
486	23367
2
480	8762
481	9095
2
11	11218
486	26709
2
357	10990
358	11009
2
22	1708
299	3793
2
191	2539
198	3524
2
430	3871
655	8059
2
357	16557
358	16585
2
30	1813
150	1812
2
430	718
655	1338
2
376	6790
874	6785
2
480	19148
481	19598
2
289	10012
947	9976
2
394	5093
520	1896
2
357	13641
358	13663
2
292	834
436	1243
2
221	2214
269	9774
2
357	6939
358	6959
2
212	15618
275	15464
2
760	3979
946	185
2
219	7890
754	8961
2
11	12148
486	27655
2
6	3133
17	2126
2
978	3981
992	4092
2
20	440
685	363
2
711	1392
750	730
2
357	14787
358	14812
2
480	14269
481	14680
2
82	887
668	1158
2
219	5990
754	6072
2
73	4093
699	4145
2
492	384
858	2959
2
1001	4279
1002	3447
2
28	2253
344	556
2
32	1428
1036	1044
2
978	7432
992	7507
2
461	8580
937	8005
2
118	12035
714	12249
2
461	1428
937	863
2
430	7810
655	16093
2
589	2276
605	2178
2
118	4852
714	4795
2
282	13382
284	13159
2
11	1535
486	16989
2
813	1450
814	1469
2
357	14161
358	14185
2
212	5593
275	5412
2
670	9871
987	9869
2
212	11393
275	11228
2
394	5473
520	2278
2
480	12977
481	13391
2
535	10631
1027	10604
2
118	13545
714	14163
2
212	3772
275	3591
2
535	854
1027	815
2
282	12679
284	12444
2
438	5843
439	5454
2
282	11682
284	11446
3
548	149
548	2726
549	270
2
713	2415
717	1925
2
11	10666
486	26158
2
548	1245
549	1051
2
118	5493
714	5544
2
282	8023
284	7806
2
6	2307
17	1352
2
548	595
549	400
2
438	7994
439	7537
2
212	10350
275	10185
2
530	1476
530	1753
2
711	4142
750	3473
2
219	9417
754	10485
2
11	4647
486	20110
2
11	3114
486	18563
2
299	9195
988	1736
2
11	5803
486	21264
2
75	798
425	214
2
180	0
742	0
2
148	3920
888	1783
2
42	6595
554	1687
2
713	8596
717	8113
2
219	11155
754	6796
2
219	9770
754	10837
3
19	1179
20	1675
685	1616
2
212	895
275	721
2
376	2333
874	2327
2
438	3050
439	2831
2
480	10583
481	10985
2
535	15753
1027	15576
2
978	2805
992	2916
2
42	6953
554	2048
2
700	0
700	274
2
316	6684
803	6816
2
376	11345
874	11320
2
330	3885
330	9041
2
11	9618
486	25100
2
118	3894
714	3835
2
376	7630
874	7625
2
461	12332
937	11755
2
589	1281
605	1262
2
22	1314
284	13083
2
87	2101
639	798
2
480	17679
481	18122
2
461	603
937	37
2
394	5292
520	2097
2
499	1599
1018	1586
2
644	1111
645	1123
2
118	10469
714	10675
2
25	4828
786	1474
2
289	6041
947	6012
2
376	10993
874	10972
2
20	4816
685	4735
2
219	8229
754	9300
2
212	3379
275	3190
2
292	1117
436	1524
2
995	1240
996	1135
2
219	7429
754	8503
2
438	8616
439	8154
2
760	3801
946	2
2
535	14196
1027	14102
2
1001	8622
1002	7803
2
480	7793
481	8108
2
219	3553
754	3641
2
461	738
937	171
2
6	2478
17	1525
2
6	4826
17	3815
2
535	13056
1027	12983
2
438	1727
439	1511
2
271	215
271	2794
2
376	4679
874	4678
2
118	14431
714	15058
2
733	6607
753	6882
2
118	10776
714	10982
2
461	6025
937	5459
2
376	226
874	226
2
219	1434
754	1528
2
73	414
699	417
2
535	7733
1027	7677
2
330	2419
330	7590
2
219	7256
754	8328
2
42	6288
554	1377
2
118	7938
714	8142
2
148	7552
888	5397
2
480	2573
481	2589
2
212	8726
275	8555
2
212	7113
275	6937
2
212	14424
275	14267
2
978	6721
992	6797
2
1001	3086
1002	2254
2
219	3197
754	3284
2
433	3065
914	3068
2
357	594
358	606
2
285	2347
286	2350
2
535	1818
1027	1773
2
292	2628
436	3055
3
19	2044
20	2544
685	2483
2
293	2418
526	2387
2
548	1884
549	1689
2
499	9413
1018	9403
3
19	979
20	1477
685	1418
2
118	1460
714	1279
2
572	2884
760	5603
2
670	8014
987	8013
2
282	7873
284	7656
2
282	2953
284	2779
2
282	1805
284	1632
2
535	9595
1027	9547
2
438	555
439	341
2
418	1335
1010	1441
2
432	0
432	265
2
713	4784
717	4321
2
995	933
996	959
2
357	8001
358	8025
2
357	2928
358	2945
2
357	9671
358	9693
2
357	7593
358	7616
2
296	12516
660	2211
2
20	1018
685	947
2
376	2099
874	2093
2
480	14409
481	14819
2
148	5210
888	3064
2
11	3630
486	19077
2
480	18934
481	19385
2
212	15744
275	15592
2
480	8278
481	8595
2
212	8441
275	8268
2
499	8365
1018	8351
2
433	726
914	728
2
6	3297
17	2289
2
394	5602
520	2408
2
535	4123
1027	4082
2
212	15123
275	14967
2
212	1344
275	1168
2
148	4976
888	2833
3
480	12492
481	12900
975	1947
2
118	9852
714	10061
2
32	1883
1036	1498
2
212	10122
275	9955
2
11	11463
486	26954
2
22	3040
271	10296
2
713	12219
717	11691
2
480	19836
481	20296
2
316	2921
803	2970
2
73	2147
699	2180
2
73	3212
699	3249
2
282	11291
284	11053
2
30	208
150	184
2
535	9249
1027	9197
2
978	758
992	875
2
535	2539
1027	2485
2
118	7177
714	7379
2
73	3895
699	3956
2
357	8939
358	8957
2
535	14829
1027	14704
2
219	7101
754	8169
2
212	4350
275	4173
2
357	13771
358	13794
2
535	2876
1027	2827
2
180	3538
742	3543
2
357	8575
358	8600
2
713	4545
717	4084
2
461	12580
937	12001
3
22	1100
282	13092
284	12864
2
978	4668
992	4776
2
94	5058
309	2145
2
760	4356
946	568
2
589	2952
605	2854
2
75	1849
425	1269
2
11	484
486	15928
2
316	2729
803	2780
2
219	4191
754	4282
2
316	1718
803	1770
2
212	6896
275	6719
2
219	2742
754	2833
2
1001	2002
1002	1170
2
978	2313
992	2426
2
995	2101
996	1987
2
589	717
605	701
2
265	5665
573	1281
2
316	5277
803	5313
2
760	4494
946	707
2
259	5657
259	9700
2
357	10375
358	10397
2
282	809
284	657
2
212	14689
275	14531
2
282	15073
284	14862
2
461	4830
937	4267
2
589	1976
605	1958
2
11	6655
486	22117
2
102	2899
103	2712
2
376	1578
874	1573
2
461	7535
937	6970
2
237	1295
240	1349
2
670	0
987	0
2
212	5796
275	5615
2
524	3516
966	2678
2
219	8368
754	9438
2
292	528
436	941
2
284	6
284	310
2
978	1830
992	1944
3
499	1490
499	2609
1018	2595
2
6	4199
17	3191
2
316	3218
803	3267
2
394	6185
520	2992
2
75	1247
425	666
2
25	3605
786	1962
2
42	7811
554	2905
2
20	5810
685	5734
2
461	3983
937	3421
2
54	4585
396	2822
2
219	4762
754	4853
2
978	6589
992	6666
2
237	2220
240	2277
2
330	1305
330	6501
2
589	2479
605	2381
2
22	1463
282	13454
2
711	3509
750	2840
2
20	4138
685	4066
2
180	594
742	595
2
511	808
814	2471
2
1001	8938
1002	8117
2
289	8166
947	8137
2
739	411
739	1380
4
739	632
739	1629
739	1850
739	2061
2
28	1919
344	218
2
237	145
240	199
3
282	23
282	424
284	22
2
285	0
286	0
2
589	235
605	218
2
499	8942
1018	8931
2
289	3525
947	3497
2
22	1025
284	12789
2
480	6371
481	6647
2
20	8866
685	8813
2
357	4188
358	4206
2
480	18002
481	18441
2
191	2242
198	3227
2
985	0
985	727
2
282	16305
284	16095
2
511	1307
814	2971
2
511	114
814	1780
3
739	627
739	1845
739	2056
2
713	2760
717	2274
2
978	5553
992	5658
2
11	5436
486	20898
2
357	12206
358	12226
2
282	5171
284	4976
2
376	8251
874	8239
2
11	8366
486	23828
2
282	3671
284	3508
2
54	4136
396	2376
2
289	7399
947	7368
2
330	3492
330	8653
2
713	6728
717	6244
2
480	15302
481	15719
2
813	1291
814	1323
2
357	19143
358	19161
2
499	326
1018	315
2
511	497
814	2162
2
357	5365
358	5382
2
293	924
526	906
2
42	8119
554	3214
2
282	14047
284	13826
2
713	7641
717	7161
2
289	2771
947	2742
2
289	1145
947	1117
2
713	8277
717	7795
2
25	1662
664	4443
2
430	4088
655	8635
2
282	9827
284	9617
2
282	11077
284	10831
2
20	7480
685	7424
2
94	4511
410	3690
2
42	8320
554	3418
2
357	299
358	312
2
293	3456
526	3449
2
713	2629
717	2141
2
330	925
330	6123
2
73	3660
699	3705
3
572	3647
760	5146
930	408
2
713	9893
717	9408
2
237	5694
240	5726
2
118	14737
714	15367
2
1001	1348
1002	513
2
670	3794
987	3797
2
20	8581
685	8527
2
330	2712
330	7873
2
499	7398
1018	7384
3
480	12261
481	12669
975	1716
2
102	2560
103	2372
2
289	9295
947	9260
2
711	1680
750	1016
2
499	6801
1018	6787
2
499	10979
1018	10990
2
282	8312
284	8092
2
713	9696
717	9210
3
19	1587
20	2085
685	2026
2
237	2445
240	2502
2
1001	3774
1002	2941
2
89	13512
509	8797
2
394	4181
520	985
2
711	3221
750	2553
2
118	666
714	478
2
180	937
742	938
2
118	11044
714	11251
2
376	2863
874	2859
3
711	673
711	2812
750	2145
2
11	10450
486	25933
2
102	4487
103	4300
2
118	987
714	802
2
713	10627
717	10128
2
433	7808
914	7810
2
212	7672
275	7498
2
813	972
814	1004
2
118	10916
714	11120
2
548	0
549	121
2
169	0
169	201
2
438	6382
439	5940
2
148	7093
888	4942
3
111	1354
119	7355
708	6128
2
11	4161
486	19616
2
511	1134
814	2798
2
216	477
659	3624
2
711	2113
750	1449
2
282	4489
284	4318
2
212	13097
275	12934
2
548	2097
549	1901
2
438	6831
439	6376
2
212	3977
275	3796
2
282	7718
284	7501
2
73	1219
699	1226
2
221	2403
269	9956
2
216	828
659	3973
3
19	562
20	1054
685	983
2
87	2298
639	994
2
265	6189
573	691
2
11	1678
486	17129
2
180	1961
742	1965
2
212	9151
275	8978
2
282	15343
284	15131
2
219	6745
754	7814
2
149	33
149	394
2
73	1901
699	1926
2
438	346
439	142
2
28	3214
344	1526
2
713	12005
717	11481
2
433	0
914	0
2
480	5724
481	5979
2
312	3889
789	2547
2
282	9057
284	8850
2
357	0
358	16
2
713	3302
717	2806
2
6	1357
17	404
2
219	774
754	867
2
978	5065
992	5170
2
293	3879
526	3873
2
293	4151
526	4146
2
711	3993
750	3323
2
25	3970
786	2327
2
219	3893
754	3984
2
979	1668
979	1913
2
293	3309
526	3297
2
73	2778
699	2812
2
461	3310
937	2748
2
713	1097
717	575
2
51	0
51	194
2
118	4225
714	4170
2
118	6233
714	6284
2
293	401
526	389
2
535	12278
1027	12212
2
293	2029
526	1978
2
535	14598
1027	14472
2
644	19797
645	18826
2
376	9606
874	9592
2
376	9194
874	9181
2
461	2250
937	1687
2
535	11951
1027	11883
2
480	14947
481	15359
2
376	875
874	871
2
499	1399
1018	1388
2
713	9080
717	8597
2
480	3544
481	3598
3
19	259
20	756
685	679
2
760	4920
930	182
2
20	6509
685	6452
2
535	8711
1027	8652
2
282	15722
284	15512
2
42	5449
554	536
2
394	6029
520	2834
2
357	1133
358	1144
2
148	3610
888	1475
2
42	3841
75	170
2
28	2580
344	886
2
978	3321
992	3431
2
713	8420
717	7937
2
376	10082
874	10062
2
148	3098
888	964
2
160	1772
606	2786
2
28	688
437	4600
2
293	1721
526	1669
2
589	3330
605	3226
2
480	15962
481	16382
2
480	16785
481	17216
2
813	148
814	193
2
219	6248
754	6328
2
191	2840
198	3912
2
212	11192
275	11027
2
461	1971
937	1407
2
87	1885
639	589
2
430	9079
431	7286
2
1001	1605
1002	770
2
42	5021
843	1136
2
535	7334
1027	7285
2
212	14052
275	13890
2
148	2334
888	203
2
376	1861
874	1857
2
212	9437
275	9262
2
357	2783
358	2798
2
20	3504
685	3433
2
282	13605
284	13384
2
212	12263
275	12103
2
461	5304
937	4741
2
480	6862
481	7171
2
713	5529
717	5061
2
438	2297
439	2083
2
535	1962
1027	1921
2
282	6631
284	6433
2
978	4535
992	4644
2
73	1589
699	1604
2
438	951
439	745
2
438	7437
439	6980
2
535	495
1027	466
2
19	934
20	1432
2
535	9438
1027	9387
2
316	2109
803	2164
2
713	4073
717	3617
2
981	27
981	516
2
499	11474
1018	11484
2
461	7778
937	7212
2
212	5225
275	5038
2
28	1187
437	5085
2
535	13588
1027	13493
2
1001	3947
1002	3113
2
480	7625
481	7941
2
438	2685
439	2469
2
535	12805
1027	12736
2
282	11963
284	11726
2
461	5095
937	4533
2
102	4860
103	4671
2
212	1719
275	1543
2
430	6087
655	12562
2
515	314
749	209
2
130	1986
957	614
2
572	3331
760	4824
2
430	2413
655	5404
2
701	793
849	3684
2
42	7335
554	2433
2
480	16290
481	16722
2
237	5519
240	5551
2
480	3202
481	3249
2
111	410
708	5183
2
118	523
714	333
2
212	2106
275	1934
2
20	2390
685	2329
2
357	13234
358	13254
2
394	7593
520	4398
2
11	7040
486	22501
2
94	4266
410	3444
2
54	3624
396	1853
2
1001	6917
1002	6091
2
1001	1032
1002	196
2
438	1127
439	913
2
11	9836
486	25319
2
535	8294
1027	8229
2
216	1440
659	4588
2
572	3562
930	323
2
883	137
883	2131
2
111	1271
708	6045
2
1001	7601
1002	6780
2
644	29
645	28
2
1001	8328
1002	7508
2
535	3426
1027	3384
2
292	2028
436	2458
2
189	781
199	4834
2
535	2256
1027	2203
2
32	656
1036	251
2
118	3223
714	3163
2
282	3304
284	3138
2
216	1587
659	4737
2
995	1380
996	1277
2
438	6199
439	5758
2
11	7746
486	23210
2
357	12389
358	12408
2
357	14525
358	14551
2
357	6504
358	6523
2
357	16050
358	16078
2
289	10470
947	10435
2
237	6233
240	6276
2
118	8771
714	8982
2
535	4461
1027	4419
2
20	2808
685	2746
2
42	4100
75	431
2
11	2697
486	18150
2
237	3864
240	3897
2
237	4023
240	4056
2
6	4994
17	3985
2
1001	9658
1002	8835
2
428	273
783	265
2
282	14764
284	14551
2
282	589
284	437
2
316	5498
803	5652
2
86	1855
248	2273
2
711	4330
750	3662
2
713	7011
717	6525
2
499	10823
1018	10833
2
480	13891
481	14301
2
282	4155
284	3987
2
216	2866
659	6064
2
670	4208
987	4209
2
480	6074
481	6348
2
118	7788
714	7991
2
212	8292
275	8117
2
118	2954
714	2855
2
282	13859
284	13639
2
219	6387
754	6466
2
216	1143
659	4289
2
461	10381
937	9810
2
20	4294
685	4227
2
713	2949
717	2462
2
357	762
358	773
2
444	6856
444	7228
2
73	4801
699	4852
2
925	24
925	632
2
20	8184
685	8130
2
118	5681
714	5732
2
130	2120
957	747
2
237	1703
240	1760
2
73	7210
699	7248
2
525	4846
525	5118
2
316	3760
803	3812
2
282	5727
284	5521
2
289	6383
947	6353
2
289	4456
947	4428
2
537	183
537	8024
2
295	24158
982	10989
2
701	2126
849	4203
2
480	903
481	904
2
394	7361
520	4166
2
1001	2522
1002	1690
2
535	9010
1027	8955
2
980	84
980	700
2
216	1892
659	5086
2
713	3557
717	3100
2
89	17624
509	10670
2
73	5865
699	5915
2
118	9584
714	9797
2
357	10509
358	10529
2
535	3594
1027	3554
2
237	3665
240	3697
2
430	5614
655	11502
2
289	10734
947	10697
2
73	8064
699	8098
2
461	1737
937	1174
2
357	16321
358	16351
2
282	7507
284	7294
2
130	1420
957	48
2
118	12485
714	12703
2
548	857
549	664
2
589	3894
605	3778
2
316	2244
803	2299
2
87	3310
639	1995
2
11	8854
486	24330
2
461	8228
937	7657
2
511	1734
814	3398
