2
1632	194090
1633	194392
2
2208	65521
2434	100926
2
153	7304
155	27948
2
455	2177
3021	29134
2
1563	96532
1564	95504
2
1837	214335
1837	217529
2
2208	77976
2434	113389
2
1563	431095
1564	431359
3
2964	45796
2964	87325
2964	96214
2
1632	423755
1633	425291
2
1563	642828
1564	626138
2
1774	39400
2868	39471
2
1719	22015
1730	21862
2
29	31904
30	31877
2
2861	131444
2861	134354
2
1979	301024
1979	304877
2
2208	61607
2434	97013
2
880	129134
881	16116
2
2208	41400
2434	76796
2
1103	18258
1103	20360
2
594	112932
596	24189
2
2968	8928
2969	9233
2
2208	23975
2434	59363
2
1632	241926
1633	242576
2
29	3370
30	3354
2
1802	11428
1803	72854
2
2071	10057
2072	19533
2
349	1584
2362	1521
2
1563	67658
1564	67413
2
729	4996
2636	0
2
1563	169513
1564	733877
2
29	14479
30	14465
2
826	8165
2912	8224
2
1632	95965
1633	95456
2
1563	499003
1564	505990
2
2968	36676
2969	28048
2
1941	266139
1941	269793
2
1632	322210
1633	323205
2
2910	101730
2910	103460
2
1719	27241
1730	27089
2
764	29162
764	109196
2
265	4353
266	4332
2
455	16223
3021	43017
2
2967	687894
2967	722949
2
409	2654
3019	8306
2
1941	502757
1941	506559
2
1563	3640
1564	4922
2
2431	26207
2432	213248
2
1802	16318
1803	77754
2
594	94410
596	5653
2
1563	179028
1564	189536
2
2889	99369
2889	100428
2
2968	13565
2969	11484
2
1563	144608
1564	144598
2
2527	26741
2530	66611
2
826	5635
2912	5695
2
826	17724
2912	17776
2
29	26696
30	26664
2
1589	24644
1596	46585
2
455	23856
3021	50653
2
880	151199
881	38160
2
409	5265
3019	10918
2
594	118700
597	2091
2
2525	33748
2526	25724
2
2431	78939
2432	199740
2
2071	773
2072	10248
2
153	4670
155	25313
2
1719	4627
1730	4446
2
1802	24093
1803	85527
3
90	1669
90	9614
90	17715
2
2967	679549
2967	714604
2
2071	6877
2072	16348
2
1563	316351
1564	323717
2
2525	27336
2526	19313
2
880	185046
881	71921
2
1719	16398
1730	16242
2
1563	191100
1564	201407
2
594	102435
596	13684
2
1802	6767
1803	68188
2
1632	232995
1633	233597
2
409	1213
3019	6863
2
826	29109
2912	29155
2
1719	28345
1730	28193
2
1632	213845
1633	214203
2
1632	24963
1633	25139
2
1632	6546
1633	6701
2
2968	187
2969	311
2
2964	67395
2964	115317
2
680	1606907
680	1611499
2
1563	214258
1564	224219
2
1719	19487
1730	19329
2
594	124351
597	9264
2
1719	9272
1730	9104
2
2525	30490
2526	22466
4
735	572
735	16415
735	24573
735	30983
2
1632	2083
1633	2226
2
29	1064
30	1052
2
880	139393
881	26364
2
1127	4
1127	11779
2
29	7624
30	7613
2
1632	183039
1633	183191
2
1632	3303
1633	3445
2
1563	618597
1564	610426
2
2584	519619
2584	757770
2
455	20138
3021	46929
2
594	107210
596	18465
2
1563	437502
1564	435469
2
564	6289679
1656	902677
2
1632	87289
1633	86733
6
1831	283
1831	10594
1831	18391
1831	28683
1831	36232
1831	40647
2
1743	56559
1754	50426
2
880	177093
881	64011
3
1917	28150
1917	37356
1917	41407
2
2208	7448
2434	42830
2
2964	44708
2964	86177
2
2967	684703
2967	719758
2
1563	216369
1564	226182
2
826	11475
2912	11534
2
826	10449
2912	10507
2
1632	273912
1633	274694
2
1632	18765
1633	18925
2
1915	21119
1916	8414
2
1857	16736
1858	12305
4
2423	16899
2423	31105
2423	46673
2424	1384
6
2964	422
2964	22684
2964	46195
2964	68959
2964	87724
2964	96613
2
2767	1182
2768	1178
2
1979	302652
1979	306503
2
1632	219060
1633	219456
2
1917	37157
1917	41208
2
1480	9306
1630	46774
2
1941	267395
1941	271048
2
2968	6436
2969	6561
2
1563	166826
1564	731192
2
594	109101
596	20355
2
1774	76412
2868	76426
2
2968	18392
2969	16524
2
1563	52206
1564	52333
2
1563	356561
1564	358726
2
1632	353268
1633	354389
2
1964	4085
3037	1388
2
826	14462
2912	14511
2
1802	3821
1803	65238
2
2967	663214
2967	698257
2
1632	58575
1633	59147
2
2208	13311
2434	48694
2
1563	281928
1564	290228
2
2967	675514
2967	710554
2
1632	355156
1633	356277
2
153	1405
155	22060
2
409	9459
3019	15111
2
1632	110325
1633	109850
2
1632	302660
1633	303515
2
2967	667073
2967	702114
3
2383	99
2383	8150
2383	16581
2
594	99268
596	10513
5
1127	6
1127	8152
1127	11781
1127	17219
1127	25163
2
2968	34431
2969	25802
2
1719	31672
1730	31522
2
1633	770906
1633	773912
7
1973	134240
1973	134459
1973	135988
1973	136207
1973	136426
1973	136645
1973	136864
2
2208	17357
2434	52738
2
409	21342
3019	27928
2
2968	5174
2969	5298
2
1935	1206693
1935	1210771
2
409	15783
3019	22367
2
826	32763
2912	32806
2
1973	140685
1973	140910
2
2431	20475
2432	207527
2
1563	170916
1564	735283
2
1632	34458
1633	34889
2
1632	10910
1633	11065
2
1408	202447
1409	7211
2
1632	240581
1633	241224
2
1875	21464
1875	29316
2
735	8
735	30419
4
90	5
90	7949
90	16050
90	23988
5
1831	7
1831	18115
1831	28407
1831	35956
1831	40371
2
455	14230
3021	41047
2
1563	70283
1564	70041
3
2423	5
2423	15535
2423	45309
2
826	20972
2912	21022
2
2208	6370
2434	41753
2
594	125608
597	10520
2
2208	57041
2434	92435
2
1632	112396
1633	111922
2
409	6705
3019	12354
2
2431	65667
2432	186477
2
1869	690
1869	7324
2
1915	50467
1916	37741
2
2981	144169
2981	148811
2
2333	22445
2334	20826
2
2968	26159
2969	20459
2
826	24545
2912	24593
2
2968	46804
2969	37043
2
1632	399237
1633	400586
2
1127	8149
1127	17216
2
1831	18112
1831	28404
3
2964	16
2964	22278
2964	68553
2
1632	63992
1633	64734
2
90	2
90	7946
2
1917	16
1917	9393
2
1792	180978
1792	225243
4
2423	226
2423	15756
2423	45530
2424	241
2
735	15939
735	24097
2
1632	45521
1633	46047
2
1857	11829
1858	7398
2
1857	13490
1858	9060
2
409	11194
3019	17778
2
29	22564
30	22534
2
594	91893
596	3135
3
1917	84
1917	9461
1917	18867
2
1408	198019
1409	2758
2
880	179110
881	66028
2
2967	658854
2967	693892
19
1427	59827
1427	59903
1427	59979
1427	60055
1427	60131
1427	60207
1427	60283
1427	60359
1427	60435
1427	60511
1427	60587
1427	60663
1427	60739
1427	60815
1427	60891
1427	60967
1427	61043
1427	61119
1427	61195
2
594	133053
597	17953
2
2208	83141
2434	118556
2
826	27810
2912	27857
3
2423	28739
2423	44280
2423	58247
2
2423	28658
2423	44199
2
1837	212229
1837	216150
2
595	60345
1545	1010693
2
153	26255
155	46776
2
2964	87323
2964	96212
2
413	2513065
837	359432
2
2071	3963
2072	13436
5
2423	283
2423	15813
2423	30032
2423	45587
2424	298
2
93	3
93	6849
2
153	16107
155	36757
2
1973	145140
1973	145374
3
1973	138277
1973	138505
1973	138733
8
1973	134241
1973	134460
1973	135770
1973	135989
1973	136208
1973	136427
1973	136646
1973	136865
3
90	3
90	7947
90	23986
3
1831	5
1831	35954
1831	40369
2
2423	3
2423	45307
2
1869	5458
1869	12116
2
1417	828
2351	726
3
1127	5
1127	11780
1127	25162
2
2383	3
2383	16485
2
2966	367042
2966	368988
2
2527	9253
2530	44552
2
2208	72677
2434	108090
2
1857	17786
1858	13354
2
413	5180785
1393	106246
2
2968	42340
2969	33718
2
2967	683185
2967	718241
2
880	120457
881	7450
2
880	122114
881	9104
2
2968	23880
2969	18179
2
2071	5062
2072	14535
