2
2861	130126
2861	132996
2
2208	41050
2434	76165
2
594	112130
596	23990
2
1802	11331
1803	72132
2
729	4957
2636	0
3
2964	45396
2964	86574
2964	95419
2
2968	36316
2969	27774
2
826	17578
2912	17633
2
455	23605
3021	50173
2
2525	27170
2526	19170
2
1802	6713
1803	67508
2
409	1203
3019	6789
2
826	28852
2912	28901
2
1719	28098
1730	27945
2
2968	185
2969	309
2
680	1595048
680	1599614
2
2525	30286
2526	22285
2
1632	3270
1633	3412
2
2208	7388
2434	42488
6
2964	418
2964	22485
2964	45791
2964	68361
2964	86969
2964	95814
2
1941	264642
1941	268266
2
1632	109238
1633	108780
3
2383	98
2383	8082
2383	16442
2
1633	763013
1633	765992
2
2208	17226
2434	52325
2
409	15682
3019	22193
3
90	7899
90	15951
90	23843
4
1831	18005
1831	28238
1831	35736
1831	40128
2
2423	15394
2423	44889
2
826	20794
2912	20847
2
409	6654
3019	12237
2
2431	25964
2432	211098
2
1941	497551
1941	501309
2
2981	143021
2981	147627
2
2968	25898
2969	20251
2
1831	18002
1831	28235
3
2964	16
2964	22083
2964	67959
2
2968	46333
2969	36673
3
2423	15613
2423	45108
2424	240
2
1857	13393
1858	8987
2
409	11115
3019	17626
2
594	91269
596	3116
5
1427	59362
1427	59437
1427	59512
1427	59587
1427	59662
2
2964	86572
2964	95417
2
90	7897
90	23841
2
1831	35734
1831	40126
2
2383	3
2383	16347
2
2968	41916
2969	33379
2
2968	23646
2969	17998
