2
1563	115846
1564	114492
2
1563	234735
1564	243997
2
1179	785
1180	11331
2
2861	130126
2861	132996
3
2964	21530
2964	44841
2964	85961
2
29	29629
30	29599
2
629	0
3051	0
2
2071	9110
2072	18532
2
1979	298873
1979	302697
2
2208	61094
2434	96220
2
2492	108716
2992	109053
2
880	127994
881	15972
2
2967	667313
2967	702100
2
2208	41050
2434	76165
2
1103	18108
1103	20192
2
2208	15030
2434	50131
2
594	112130
596	23990
2
1930	82765
1930	83354
2
1743	128939
1754	123537
2
153	6615
155	27090
3
11	16749
12	16710
26	40085
2
2968	8847
2969	9150
2
2535	251415
2535	253428
2
2208	36689
2434	71803
2
2208	23783
2434	58889
2
880	164521
881	52457
2
1632	239485
1633	240148
2
2790	3689
2800	2607
2
595	78208
1545	1017764
2
1563	590183
1564	582413
2
29	3340
30	3324
2
241	17880
1747	4292
2
1802	18291
1803	79102
2
1563	35595
1564	36023
2
2333	37036
2334	34588
2
2492	98087
2992	98434
2
741	8441
2844	0
2
1605	71519
1606	81948
2
1408	194228
1409	642
2
1563	128987
1564	129322
2
764	30211
764	109740
2
1802	11331
1803	72132
2
1563	600953
1564	592806
2
1103	29138
1103	31325
2
2071	10049
2072	19472
2
413	4162664
789	93973
2
1791	9876
2958	9912
2
1563	25500
1564	26259
2
594	98030
596	9878
2
349	1575
2362	1510
2
826	31167
2912	31215
2
1563	67052
1564	66769
2
594	119862
597	4094
2
1563	596753
1564	588789
2
431	512071
682	1395418
2
729	4957
2636	0
2
941	12929
2922	13028
2
2492	22794
2992	23010
2
1508	411124
1508	552477
2
1563	168030
1564	727205
2
29	14376
30	14364
2
592	8055
1644	88547
2
2535	251932
2535	253944
2
826	8092
2912	8152
2
1802	13625
1803	74435
2
2256	531094
2266	12137
2
1563	319837
1564	326848
2
1632	384330
1633	385654
2
409	17948
3019	24459
2
1632	130089
1633	129986
2
1915	45693
1916	33075
2
1563	363066
1564	364794
2
595	10954
1545	950633
2
1632	95038
1633	94545
2
1563	164629
1564	723806
2
1915	47336
1916	34715
2
1563	522189
1564	528224
2
1605	87710
1606	98326
2
1915	91542
1916	78995
2
1563	507978
1564	514556
2
1138	80038
1138	81553
2
2208	64973
2434	100098
2
1563	46851
1564	46970
2
1632	192142
1633	192459
2
409	20364
3019	26877
2
153	7248
155	27724
2
2855	11920
2855	14517
2
1563	322670
1564	329665
2
1774	39061
2868	39123
2
9	2609
2864	2603
2
1563	494646
1564	501408
2
623	88707
624	91037
2
431	321185
682	1367312
2
2257	85087
2257	86346
2
2431	64203
2432	183783
2
1719	21822
1730	21668
2
595	24349
1545	963982
2
455	2160
3021	28889
2
595	25614
1545	965240
2
2071	0
2072	9423
2
1563	95692
1564	94630
2
2208	44414
2434	79530
2
594	62155
594	63655
2
1915	95036
1916	82480
2
1563	456023
1564	463676
2
1837	212946
1837	216121
2
564	5126285
2893	1724190
2
2208	77345
2434	112478
2
1605	39492
1606	41205
2
680	1139839
680	1144110
2
1719	3219
1730	3037
2
2208	25841
2434	60949
2
623	23304
624	24338
2
826	22866
2912	22917
2
1563	427326
1564	427424
2
2208	37648
2434	72762
3
2964	45396
2964	86574
2964	95419
2
2256	525201
2265	6085
2
680	1138723
680	1142993
2
1563	238561
1564	247808
2
1915	88751
1916	76238
2
1632	419460
1633	420998
2
1563	516906
1564	523223
2
2967	669567
2967	704357
2
1563	637182
1564	620471
2
1563	131426
1564	131490
2
1563	640363
1564	623621
2
1563	252618
1564	261323
2
1426	2511220
3029	16672
2
595	75350
1545	1014917
2
826	15600
2912	15653
2
1563	234185
1564	243422
2
1915	52066
1916	39453
2
929	40630
930	42092
2
2964	93904
2964	113993
2
1802	19743
1803	80554
2
1632	345548
1633	346671
2
2208	34627
2434	69745
2
29	31657
30	31630
2
2208	55361
2434	90472
2
2208	63194
2434	98318
2
1632	131189
1633	131092
2
2492	25987
2992	26201
2
2968	36316
2969	27774
2
1632	134835
1633	134747
2
2967	660231
2967	695024
2
2967	656093
2967	690883
2
1861	143534
1862	1656422
2
1861	146283
1862	1663904
2
11	6534
26	29821
2
2071	2577
2072	11998
2
1563	2579
1564	3834
2
1408	195375
1409	1750
2
1719	18296
1730	18137
2
880	141428
881	29397
2
623	29095
624	30136
2
2208	68284
2434	103412
2
1632	227835
1633	228439
2
1563	111016
1564	109755
2
1632	255613
1633	256393
2
1598	2208
1603	65421
2
2530	48100
2530	49133
2
1563	266995
1564	275217
2
2968	48814
2969	39153
2
1837	200056
1837	203337
2
29	77
30	65
2
11	15489
26	38549
2
2689	0
2690	0
2
2781	0
2782	0
2
1774	85616
2868	85621
2
1941	263392
1941	267017
2
1801	27381
2893	5542058
2
2431	39718
2432	224851
2
1632	241301
1633	241965
2
880	154551
881	42505
2
1632	318933
1633	319937
2
1632	360555
1633	361733
2
1536	374023
1543	17784
2
595	69507
1545	1009064
2
1563	187861
1564	198007
2
2529	14311
2530	85213
2
1801	24648
2893	5539211
2
594	97205
596	9053
2
1563	246973
1564	255906
2
1563	553068
1564	554360
2
1563	482284
1564	489408
2
2098	155185
2099	155317
2
2208	59583
2434	94708
2
1719	24395
1730	24243
2
1563	478365
1564	485508
2
1563	210221
1564	220030
2
1563	415067
1564	415171
2
1563	121597
1564	120072
2
1563	380825
1564	381967
2
1719	27007
1730	26854
2
1563	205244
1564	215066
2
1563	508791
1564	515324
2
1563	487755
1564	494680
2
2910	100439
2910	102147
2
764	28922
764	108452
2
413	3041454
2991	42210
2
1632	96656
1633	96162
2
1563	95155
1564	94101
2
1632	188180
1633	188346
2
1632	369115
1633	370311
2
594	110217
596	22075
2
1563	582598
1564	574948
2
1563	129696
1564	130035
2
1632	367497
1633	368697
2
2967	668692
2967	703481
2
2431	56467
2432	176039
2
1563	132603
1564	132662
2
1632	377818
1633	379080
2
1632	208006
1633	208351
2
2889	98333
2889	99383
2
1605	93071
1606	103711
2
2071	14295
2072	23714
2
413	3121148
1394	16412
2
2431	28711
2432	213848
2
595	92050
1545	1031572
2
2184	654
2284	2959
2
1563	502703
1564	509316
2
2968	13446
2969	11385
2
623	63289
624	65551
2
880	165763
881	53695
2
680	1593422
680	1597965
2
1774	43692
2868	43756
2
1632	324905
1633	325928
2
595	64874
1545	1004416
2
1719	34932
1730	34791
2
2208	15777
2434	50878
2
1563	143354
1564	143288
2
623	45580
624	47805
4
2423	14384
2423	28481
2423	43877
2423	57713
2
826	17578
2912	17633
2
1563	266165
1564	274392
2
29	26483
30	26450
2
1632	418632
1633	420174
2
265	10433
266	10409
2
826	5585
2912	5646
2
2527	26538
2530	66079
2
592	208115
1644	935116
2
594	134509
597	20225
2
627	133526
628	134330
2
1563	99940
1564	98883
2
1774	7572
2868	7571
2
1589	24410
1596	46170
2
455	23605
3021	50173
2
1563	516212
1564	522529
2
2824	27625
2825	22698
2
880	149897
881	37856
2
409	5229
3019	10816
2
1563	633669
1564	617115
2
594	117834
597	2065
2
2525	33519
2526	25518
2
1915	74858
1916	62303
2
1802	26745
1803	87548
2
2431	66705
2432	186282
2
1563	480788
1564	487915
2
2431	78159
2432	197731
2
455	10522
3021	37110
2
1563	569142
1564	565904
2
1584	6957
1603	55089
2
2284	40616
2301	2194
2
1563	6401
1564	7653
2
589	88783
591	10414
2
623	24584
624	25613
3
1127	7473
1127	11079
1127	24360
2
1563	310059
1564	317267
2
1632	379813
1633	381113
2
1632	374803
1633	376040
2
2071	772
2072	10194
2
1802	22506
1803	83312
2
153	4642
155	25117
2
1563	119660
1564	118289
2
1563	304056
1564	311419
2
1632	376668
1633	377924
2
589	153421
591	75046
2
1563	591796
1564	584006
2
1563	573280
1564	570031
2
1632	336131
1633	337224
2
627	47858
628	48203
2
1563	141087
1564	141032
2
100	95694
104	9342
2
1719	4593
1730	4411
2
1915	36618
1916	24003
2
1802	23893
1803	84700
2
592	248385
1644	1099583
2
564	3956332
2893	508751
2
1591	92099
2952	40182
2
1605	41258
1606	42979
4
90	1660
90	9555
90	17607
90	25499
2
29	11633
30	11626
2
880	181206
881	69081
2
1563	458513
1564	466134
2
2208	70044
2434	105175
2
2967	674511
2967	709317
2
1563	187210
1564	197354
2
2071	6869
2072	16287
2
2525	27170
2526	19170
2
29	4672
30	4658
2
1563	313620
1564	320801
2
1563	189449
1564	199594
2
594	101735
596	13587
2
1802	6713
1803	67508
2
1632	282981
1633	283820
2
1678	99343
1678	101218
2
979	97781
980	27637
2
594	63118
594	64617
2
2598	1358095
2599	739083
2
1244	77617
1246	76451
2
1632	23127
1633	23301
2
1774	76932
2868	76933
2
1563	314974
1564	322148
2
2968	29028
2969	23527
2
826	9597
2912	9656
2
1563	422452
1564	422541
2
409	1203
3019	6789
2
1632	230643
1633	231257
2
1837	205102
1837	207782
2
826	28852
2912	28901
2
880	148612
881	36573
2
595	70593
1545	1010151
2
1719	28098
1730	27945
2
431	320661
682	1366778
2
594	104532
596	16385
2
1632	211706
1633	212078
2
1632	24719
1633	24896
2
1632	167659
1633	167765
2
979	94490
980	24343
2
880	126751
881	14733
2
1632	439360
1633	441014
4
1198	196
1198	5199
1198	10318
1198	15356
2
1632	6482
1633	6637
2
2968	185
2969	309
3
2383	7197
2383	15182
2383	23541
2
1791	85626
2958	88055
2
595	89497
1545	1029021
2
1632	90569
1633	90040
2
2964	66805
2964	114357
2
1408	200124
1409	6523
2
680	1595048
680	1599614
2
1582	13384
1591	122808
2
1935	1198796
1935	1202834
2
2968	7760
2969	7884
2
1563	212399
1564	222195
3
735	136
735	8022
735	30208
2
623	28542
624	29581
2
1915	72101
1916	59546
2
2968	28086
2969	22583
2
153	3189
155	23675
2
1632	203807
1633	204145
2
923	44888
924	45644
2
589	141721
591	63381
2
1563	603032
1564	594880
2
2967	687838
2967	722644
2
2527	24465
2530	63505
2
1774	23535
2868	23651
2
880	143333
881	31294
2
29	12601
30	12592
2
2967	677301
2967	712107
2
2598	1247794
2599	642150
2
2330	70145
2330	70215
2
595	67078
1545	1006626
2
623	81369
624	83681
2
1802	14978
1803	75788
2
431	566235
682	1406818
2
2396	865715
2400	183276
2
798	218842
798	220657
2
1632	99798
1633	99308
2
880	183468
881	71342
2
1719	16250
1730	16093
2
623	62512
624	64775
2
153	24272
155	44616
2
1719	19322
1730	19163
2
1563	196143
1564	206122
2
2964	43420
2964	84541
2
2964	66011
2964	113562
2
1973	270790
1973	449228
2
1563	630121
1564	613594
2
1018	1555
1019	1552
2
564	6740792
2893	3992847
2
1563	281734
1564	289866
2
2208	33274
2434	68390
2
594	123425
597	9157
2
1632	228933
1633	229552
2
1632	326807
1633	327843
2
1563	71481
1564	71205
2
623	79685
624	81987
2
2732	2711
2736	2848
2
623	33235
624	34287
2
2276	352278
2276	354107
2
29	15595
30	15583
2
2964	84867
2964	113859
2
1563	321638
1564	328647
2
2525	30286
2526	22285
2
564	7510960
2893	5181643
2
1719	9199
1730	9030
2
1632	409835
1633	411280
2
595	7143
1545	946820
2
1563	308741
1564	316068
2
1563	287709
1564	295579
5
735	570
735	8456
735	16237
735	24299
735	30642
2
1837	240696
1837	243903
2
1794	367533
1794	369165
2
1632	2067
1633	2210
2
74	1141352
74	1171487
2
826	26023
2912	26075
2
2071	3441
2072	12861
2
1208	257041
1325	58063
2
1563	607338
1564	599194
2
2824	43835
2825	38946
2
153	17229
155	37712
2
29	1053
30	1041
2
880	138172
881	26139
2
2276	351482
2276	353310
2
1563	295893
1564	303607
2
2714	2974
2715	488
2
2967	657725
2967	692518
2
1127	4
1127	11699
2
1599	9636
1602	689863
2
1589	17982
1596	39733
2
29	7566
30	7555
2
592	225329
1644	1013505
2
2208	50103
2434	85217
2
1632	266494
1633	267290
2
2208	75664
2434	110795
2
1632	181196
1633	181362
2
161	25866
413	1355142
2
1632	157746
1633	157803
2
413	3021866
2991	22439
2
592	116362
1644	517052
2
564	6949332
2893	4232313
2
1632	3270
1633	3412
2
1589	26897
1596	47281
2
1563	384192
1564	385152
2
880	185852
881	73728
3
1101	176
1101	17226
1101	33649
2
1632	179892
1633	180057
2
1563	183913
1564	194071
2
2968	16392
2969	14535
2
2396	341640
2400	114916
2
2256	522514
2266	3562
2
1563	30352
1564	31085
2
1632	12724
1633	12875
2
1536	377132
1543	20896
2
187	78402
1828	29498
2
595	43411
1545	982998
2
2431	37196
2432	222325
2
1964	8013
3037	11162
2
1408	201939
1409	8362
2
1563	302681
1564	310052
2
1563	296862
1564	304574
2
2855	12656
2855	15253
2
1802	10748
1803	71548
2
1632	385794
1633	387129
2
2431	30418
2432	215551
2
1802	21234
1803	82045
2
1789	5921
1790	5602
2
589	123245
591	44942
2
2584	514873
2584	750809
2
1602	405919
1603	56443
2
623	13867
624	14901
2
798	183453
2910	188461
2
2615	80639
2615	81735
2
592	132665
1644	578921
2
455	19930
3021	46492
2
1605	65289
1606	75644
2
1915	93894
1916	81340
2
594	106462
596	18320
2
1632	398314
1633	399698
2
1602	403243
1603	53766
2
2492	39324
2992	39569
2
1563	433685
1564	431503
2
2431	58643
2432	178218
2
1582	19400
1591	128549
2
2264	1889
2264	2669
2
564	3896674
2893	445870
2
1563	156958
1564	156695
2
564	6220419
1656	892213
2
1774	86868
2868	86887
2
1632	347095
1633	348217
2
1632	365825
1633	367018
2
98	67269
100	15224
2
880	123228
881	11216
2
595	51322
1545	990900
2
692	17869
909	112977
2
2596	120946
2995	116968
2
1774	15787
2868	15787
2
2598	1350376
2599	732428
2
826	26672
2912	26723
2
880	170494
881	58414
2
564	6195186
1656	866939
2
1861	235981
1862	1809850
2
595	82282
1545	1021835
2
265	3725
266	3701
2
1632	275218
1633	276055
2
1743	46774
1754	40586
2
2967	665474
2967	700258
2
595	42730
1545	982313
2
1837	184297
1837	193769
2
1632	86446
1633	85906
6
1831	278
1831	10526
1831	18276
1831	28509
1831	36007
1831	40399
2
2492	28710
2992	28925
2
1915	79909
1916	67330
2
431	178267
682	1349352
2
1941	500420
1941	504179
2
1632	405478
1633	406905
2
2824	31407
2825	26482
2
1774	64298
2868	64347
2
564	261316
2891	521876
2
1589	22092
1596	43859
2
1563	408229
1564	408672
2
1563	510814
1564	517347
2
1563	202122
1564	211949
2
880	169609
881	57532
2
880	175579
881	63495
2
2968	32686
2969	24140
2
1915	83761
1916	71213
2
729	4198
2629	1655
2
1563	349141
1564	351371
2
1605	60288
1606	70631
2
1743	56072
1754	49991
2
544	9371
544	11048
2
1789	29389
1790	29254
2
1822	6900
1823	15152
2
2208	27861
2434	62970
2
1563	472363
1564	479787
2
2208	73819
2434	108949
2
2208	7388
2434	42488
2
455	8098
3021	34690
2
880	122227
881	10213
2
1563	316782
1564	323815
2
594	128404
597	14135
2
2527	6507
2530	41513
2
2596	122386
2995	118395
3
2964	67071
2964	94529
2964	114623
2
1563	166596
1564	725772
2
1632	298581
1633	299439
2
1632	270362
1633	271158
2
1632	316398
1633	317365
2
1632	344176
1633	345295
3
2964	21002
2964	44312
2964	85432
2
2967	679628
2967	714434
2
1632	48754
1633	49299
2
1632	66277
1633	67027
2
1632	187084
1633	187251
2
1632	193248
1633	193564
2
1632	21662
1633	21826
2
153	12455
155	32943
2
1632	353506
1633	354634
2
279	24074
1383	129848
2
1632	428830
1633	430420
2
1632	169860
1633	169966
2
1632	56177
1633	56738
2
1632	205302
1633	205642
2
623	75678
624	77965
2
1632	302282
1633	303147
3
1917	27981
1917	37132
1917	41154
2
1602	100939
2952	44260
2
1632	83980
1633	83419
2
1563	206762
1564	216576
2
2208	66602
2434	101729
2
2208	22649
2434	57753
2
880	133711
881	21679
2
1536	386563
1543	30302
2
1563	493378
1564	500140
2
2824	15431
2825	10499
2
1719	25558
1730	25405
2
1915	87783
1916	75272
2
1508	364446
1508	548616
2
2598	929464
2599	411282
2
1563	506925
1564	513514
2
1563	274667
1564	282860
2
1563	559808
1564	556733
2
1563	563756
1564	560749
2
29	10882
30	10875
2
1563	623315
1564	610617
2
1563	411144
1564	411267
2
1563	413908
1564	414018
2
1563	348284
1564	350523
2
2155	884360
2981	3136902
2
2492	80575
2992	80891
2
1774	60164
2868	60220
2
409	14215
3019	20727
2
1915	70618
1916	58067
2
592	268123
1644	1182100
2
826	11382
2912	11442
2
826	10360
2912	10419
2
1563	146942
1564	146687
2
826	33917
2912	33961
2
1563	489806
1564	496723
2
979	84698
980	13196
2
1632	368213
1633	369415
2
1632	271143
1633	271938
2
1791	142354
2958	145003
2
1563	627161
1564	810314
2
2098	63514
2099	63201
2
1632	268296
1633	269095
2
265	2720
266	2692
2
1632	18576
1633	18736
2
1915	20927
1916	8345
2
2968	12558
2969	10496
2
595	17759
1545	957410
2
880	163822
881	51755
6
2964	418
2964	22485
2964	45791
2964	68361
2964	86969
2964	95814
2
1563	213823
1564	223469
2
2767	1169
2768	1165
2
1979	300491
1979	304313
2
413	3141595
837	494601
2
1857	16604
1858	12196
2
1508	408906
1508	550263
4
2423	16746
2423	30818
2423	46241
2424	1373
2
279	25424
1383	131196
2
2968	6382
2969	6507
2
413	3028002
2991	28499
2
857	1800
2562	30685
2
1605	53770
1606	55435
2
2709	520
2710	2771
2
589	91640
591	13264
2
592	278671
1644	1226568
2
1822	45106
1823	53404
2
187	82455
1828	33554
2
1563	503455
1564	510066
2
2431	71124
2432	190701
2
1632	288729
1633	289570
2
1127	11058
1127	24339
2
1018	2614
1019	2610
2
2279	89561
2291	120172
2
1563	271329
1564	279511
2
1632	98291
1633	97801
2
2098	97710
2099	97218
2
1563	319046
1564	326055
2
1632	123906
1633	123723
2
1632	16091
1633	16246
2
1563	165372
1564	724549
2
880	158491
881	46439
2
1632	227124
1633	227729
2
594	108337
596	20194
2
2431	83490
2432	203057
2
1632	171309
1633	171423
2
1774	33529
2868	33615
2
2824	43277
2825	38389
2
413	3115399
1394	10725
2
2256	527350
2265	8215
2
1632	52072
1633	52619
2
594	100333
596	12185
2
595	73492
1545	1013061
2
1774	75763
2868	75762
2
1632	143454
1633	143466
2
2492	100271
2992	100615
2
1632	216864
1633	217273
2
1917	36933
1917	40955
2
2492	131719
2992	130134
2
1480	9242
1630	46394
2
1563	501713
1564	508326
2
595	23416
1545	963051
2
1941	264642
1941	268266
2
2431	62369
2432	181949
2
2968	18216
2969	16364
2
692	17122
909	112231
2
1584	2217
1603	50341
2
1563	492573
1564	499335
2
592	233008
1644	1028544
2
11	9604
12	9583
2
161	93684
413	1375941
2
623	27812
624	28850
2
1563	330098
1564	336897
2
1935	1198195
1935	1202232
2
1563	649425
1564	632489
2
2431	37808
2432	222936
2
2492	12588
2992	12709
2
2492	71690
2992	71969
2
74	1142280
74	1172416
2
1563	216855
1564	226505
2
1632	349663
1633	350790
2
1632	391364
1633	392699
2
1563	353487
1564	355497
2
431	165470
682	1348170
2
1632	408175
1633	409616
2
289	111124
289	112065
2
564	7567334
1656	1285772
2
1632	125652
1633	125474
2
623	74098
624	76383
2
1563	506218
1564	512815
2
9	23464
2864	23524
2
1964	4047
3037	1372
2
1632	380776
1633	382086
2
623	56131
624	58384
2
1563	51743
1564	51834
2
1632	279337
1633	280171
2
826	7145
2912	7206
2
594	111334
596	23193
2
153	30266
155	50588
2
826	14347
2912	14399
2
1584	9201
1603	57328
2
2208	53850
2434	88961
2
2208	57579
2434	92693
2
1802	3791
1803	64582
2
1861	197491
1862	1725269
2
1602	60630
2952	5130
2
1563	367217
1564	368654
2
1861	201768
1862	1111881
2
2527	21329
2530	59001
2
2431	33710
2432	218833
2
2967	658301
2967	693095
2
1563	21628
1564	22532
2
2071	13240
2072	22662
2
594	110740
596	22599
2
2968	45789
2969	36128
2
564	6156220
1656	827511
2
1632	58027
1633	58598
2
1632	173384
1633	173516
2
2208	74821
2434	109951
2
1632	370725
1633	371938
2
1563	160162
1564	159879
2
1743	22877
1775	8322
2
1802	28611
1803	89404
2
1563	403496
1564	404128
2
1632	265136
1633	265932
2
1632	43949
1633	44472
2
589	132351
591	54015
2
409	13343
3019	19854
2
1605	80560
1606	91143
2
1632	13748
1633	13902
2
2431	34743
2432	219863
2
2208	13212
2434	48313
2
594	126552
597	12283
5
2423	14389
2423	28486
2423	43882
2423	57718
2424	13859
2
1563	279494
1564	287620
2
1408	203564
1409	9995
2
1632	264421
1633	265217
2
2824	15984
2825	11053
2
1632	41073
1633	41568
2
592	12942
1644	102662
2
1563	509569
1564	516104
2
2431	79889
2432	199455
2
2967	670500
2967	705291
2
1563	209257
1564	219074
2
1563	136240
1564	136289
2
544	10062
544	11740
2
2208	32451
2434	67569
2
2208	39204
2434	74319
2
1632	294637
1633	295491
2
1930	107674
1930	110938
2
1048	20319
1048	26263
2
1563	191692
1564	201835
2
201	159661
206	355458
2
1563	609988
1564	601722
2
2208	12530
2434	47631
2
1632	351537
1633	352664
2
1743	117791
1754	112427
2
235	82409
235	87762
2
1935	1197630
1935	1201666
2
589	117375
591	39040
2
2824	12491
2825	7556
2
2720	1209
2721	1206
2
153	1394
155	21881
2
1605	105057
1606	119130
2
409	9395
3019	14981
2
2596	119888
2995	115895
2
592	240984
1644	1065647
2
592	87512
1644	421749
2
2431	24884
2432	210020
2
1563	426288
1564	426388
2
1632	48122
1633	48668
2
2492	25200
2992	25410
2
1632	421255
1633	422801
2
1915	30390
1916	17798
2
880	147427
881	35388
2
2492	125192
2992	125501
2
187	81819
1828	32918
2
1774	71572
2868	71594
2
187	54895
1828	6427
2
2208	48353
2434	83467
2
1563	80668
1564	80178
2
1632	147546
1633	147574
2
1563	482806
1564	489929
2
11	17385
26	40723
2
1632	109238
1633	108780
2
880	140541
881	28508
2
1563	198198
1564	208167
2
29	19124
30	19106
2
2967	662130
2967	696922
2
2824	11056
2825	6116
2
1915	53544
1916	40933
2
1632	299581
1633	300446
2
1964	3092
3037	419
3
2383	98
2383	8082
2383	16442
2
880	133039
881	21006
2
1582	13981
1602	129554
5
1127	6
1127	8100
1127	11701
1127	17094
1127	24983
2
1632	170690
1633	170803
2
594	103938
596	15792
2
1632	393880
1633	395218
2
826	34533
2912	34577
2
2968	34091
2969	25548
2
1563	328924
1564	335727
2
2598	1259325
2599	651902
2
1632	74593
1633	75577
2
279	1236
1383	107084
2
1719	14576
1730	14420
2
1719	31402
1730	31251
2
1678	98327
1678	100201
2
1563	513379
1564	519733
2
99	6894
100	67008
2
826	23640
2912	23691
2
455	22363
3021	48932
2
2968	15452
2969	13599
2
1802	17552
1803	78364
2
1563	223806
1564	233189
2
1072	63786
1072	65568
2
279	22476
1383	128254
2
1861	239866
1862	1845111
2
1600	2090
1603	2182
2
1563	276218
1564	284419
2
1632	403797
1633	405218
2
1915	25385
1916	12791
2
413	4209756
789	141184
2
1633	763013
1633	765992
2
1602	409829
1603	60363
2
1632	398917
1633	400307
2
32	41546
2054	1064519
2
1973	142413
1973	144265
3
1973	144499
1973	144727
1973	144955
12
1973	132521
1973	132740
1973	132959
1973	133178
1973	134269
1973	134488
1973	134707
1973	134926
1973	135145
1973	135364
1973	135583
1973	135802
2
1632	163146
1633	163236
2
2208	17226
2434	52325
2
2171	619
2178	1526
2
1563	5397
1564	6656
2
279	28252
1383	134007
2
594	98591
596	10439
2
826	3051
2912	3071
2
1803	50595
2892	747280
2
1251	91937
2932	5784
2
1563	90091
1564	89227
2
153	18195
155	38678
2
409	21173
3019	27686
2
2208	81342
2434	116475
2
1563	278596
1564	286722
2
2431	54734
2432	174309
2
1632	54641
1633	55192
2
265	4310
266	4288
2
1563	464749
1564	472270
2
1774	74147
2868	74145
2
1632	101295
1633	100814
2
1605	78208
1606	88777
2
2431	81789
2432	201358
2
1857	18681
1858	14271
2
1563	181466
1564	191753
2
589	134438
591	56088
2
1605	45189
1606	46898
2
1802	25732
1803	86536
2
2492	79660
2992	79978
2
880	165226
881	53157
2
1563	627873
1564	811023
2
1632	15523
1633	15677
2
1632	292596
1633	293448
2
1563	440496
1564	448527
2
1563	547656
1564	549129
2
1774	29209
2868	29300
2
2967	682802
2967	717608
2
1964	6085
3037	9232
2
100	112798
104	26516
2
1719	6183
1730	6001
2
1435	8968
2862	485511
2
1563	48095
1564	48214
2
594	89232
596	1081
2
595	81479
1545	1021029
2
564	6242838
2893	3103344
2
1632	352742
1633	353871
2
1915	24332
1916	11742
2
1582	21368
1602	136913
2
1632	451014
1633	447134
2
1563	447007
1564	454822
2
680	1141110
680	1145380
2
1563	386222
1564	387153
2
2968	5135
2969	5259
2
595	66270
1545	1005818
2
623	82317
624	84634
2
1563	159579
1564	159294
2
1582	5626
1591	113913
2
1563	393876
1564	394691
2
29	9700
30	9687
2
1563	468180
1564	475594
3
1582	14140
1591	123561
1602	129713
2
1602	84621
2952	29057
2
1563	397614
1564	398256
2
1935	1195376
1935	1199412
2
1563	350449
1564	352468
2
455	8978
3021	35571
2
1563	75384
1564	74923
2
1632	311436
1633	312369
2
2527	25598
2530	65140
2
409	15682
3019	22193
2
1632	20046
1633	20203
2
1591	126500
1602	132895
2
1563	197398
1564	207371
2
826	32478
2912	32523
4
1973	138965
1973	139190
1973	139415
1973	139640
2
1563	312397
1564	319592
2
1632	183553
1633	183720
2
1563	621883
1564	609185
2
2431	20288
2432	205435
2
1605	37073
1606	38788
2
1563	123257
1564	121739
2
2529	4736
2530	75669
2
1621	137
1622	44
2
29	25131
30	25100
2
100	121279
104	35092
2
1563	320869
1564	327876
2
1563	210997
1564	220797
2
1632	120433
1633	120253
2
1632	290194
1633	291041
2
1632	325465
1633	326489
2
1563	359471
1564	361211
2
1632	106245
1633	105778
2
1632	300817
1633	301683
2
1632	364473
1633	365669
2
2431	32942
2432	218067
2
1563	208371
1564	218188
2
1632	10796
1633	10951
2
1632	267768
1633	268567
2
1632	258857
1633	259641
2
1563	104995
1564	103905
2
1408	200763
1409	7164
2
1774	92372
2868	92369
2
1563	421891
1564	421978
2
1774	70961
2868	70981
2
592	206998
1644	920692
2
1563	169421
1564	728599
2
1632	34138
1633	34567
2
1632	202530
1633	202873
2
623	30446
624	31477
2
1605	25414
1606	25678
2
1563	270580
1564	278763
2
1563	449741
1564	457528
2
1632	238156
1633	238812
3
2527	13384
2530	48376
2530	49409
2
1563	3612
1564	4867
2
1563	298552
1564	305957
2
1563	549271
1564	550595
2
1861	185096
1862	1723872
2
1563	568498
1564	565267
2
1632	159
1633	302
2
1875	21308
1875	29096
3
735	8
735	15674
735	30080
4
90	5
90	7899
90	15951
90	23843
5
1831	7
1831	18005
1831	28238
1831	35736
1831	40128
2
1632	291422
1633	292270
2
1917	18690
1917	27522
2
1602	400677
1603	51216
2
2527	18475
2530	56151
2
455	14090
3021	40679
2
1563	69655
1564	69376
2
95	359244
1491	223512
2
1589	20421
1596	42188
2
1915	68458
1916	55906
3
2423	5
2423	15394
2423	44889
2
826	20794
2912	20847
2
409	14831
3019	21344
3
2964	20118
2964	43474
2964	84595
2
1822	53670
1823	61992
2
1973	142070
1973	144384
2
594	117227
597	1457
2
2208	6315
2434	41416
2
592	135445
1644	583328
2
594	124670
597	10401
2
1563	419815
1564	419898
2
913	205993
916	109227
2
1632	322121
1633	323137
2
2208	56559
2434	91672
2
1632	111293
1633	110836
2
1915	12584
1916	0
2
2967	671870
2967	706663
2
2492	14230
2992	14353
2
409	6654
3019	12237
2
1563	196789
1564	206761
2
1563	293275
1564	300996
2
1563	245196
1564	254126
2
1563	85098
1564	84271
2
595	18795
1545	958441
2
564	2735510
2892	2380270
2
2889	82000
2889	82984
2
1563	90610
1564	89747
2
1632	161118
1633	161203
2
2431	53448
2432	173023
2
1632	62484
1633	63220
2
1774	66012
2868	66026
4
1127	7477
1127	11083
1127	24364
1127	31939
2
1632	237467
1633	238122
2
98	74124
100	22009
2
1632	156310
1633	156364
2
1774	14532
2868	14533
2
1632	199098
1633	199437
2
1563	241399
1564	250406
2
1563	463381
1564	470900
2
1408	204082
1409	10516
2
1563	613156
1564	604889
2
161	83137
413	1366570
2
1632	42497
1633	42996
2
592	178086
1644	799088
2
1655	18804
3033	11431
2
594	119014
597	3246
2
1563	331683
1564	338476
2
1596	41176
1603	101831
5
735	1110
735	8995
735	16777
735	24839
735	31182
2
1632	210002
1633	210366
2
594	105236
596	17091
2
589	114237
591	35896
2
623	64697
624	66958
2
1563	214501
1564	224149
2
2333	32978
2334	31288
14
89	78948
89	78979
89	79010
89	79041
89	79072
89	79103
89	79134
89	79165
89	79196
89	79227
89	79258
89	79289
89	79320
89	79351
2
1632	218569
1633	218977
2
880	115704
881	3309
2
1743	118923
1754	113554
2
1632	121272
1633	121088
2
2431	65025
2432	184606
2
2431	25964
2432	211098
2
623	91252
624	93593
2
1941	497551
1941	501309
2
1861	16398
1862	178177
2
1869	684
1869	7265
2
1632	336848
1633	337941
2
1915	50018
1916	37411
2
1563	41719
1564	42099
2
1632	163977
1633	164069
2
592	159424
1644	654762
2
2981	143021
2981	147627
2
265	1164
266	1137
2
1563	230162
1564	239526
3
2256	525202
2265	6086
2266	6243
2
95	358072
1491	222348
2
1563	550958
1564	552276
2
265	412
266	384
2
1602	103633
2952	46946
2
2333	22307
2334	20699
2
95	171534
1491	32784
2
2968	25898
2969	20251
2
1719	13044
1730	12878
2
1602	406785
1603	57305
2
1632	186159
1633	186327
2
2529	12242
2530	83148
2
1632	348722
1633	349845
2
880	137347
881	25313
2
826	13460
2912	13512
2
2217	19949
2218	21286
2
627	51515
628	51847
2
1632	276311
1633	277146
2
1563	646375
1564	629459
2
1247	60595
1248	48705
2
1743	64775
1754	58596
2
1563	190840
1564	200984
2
592	57943
1644	284113
2
826	24328
2912	24379
2
1743	78905
1754	72632
2
1563	521351
1564	527666
2
1563	519013
1564	525332
2
2431	71794
2432	191372
2
175	153604
751	1331
2
880	132129
881	20102
2
1802	16195
1803	77006
2
1563	259534
1564	267976
2
1632	201494
1633	201827
2
2596	128787
2995	124793
2
2967	676522
2967	711329
2
1563	518023
1564	524330
2
594	93763
596	5611
2
1563	395123
1564	395946
2
880	151947
881	39905
2
1632	395206
1633	396559
2
1774	79587
2868	79587
2
1563	33607
1564	34052
2
11	16546
12	16507
2
1127	8097
1127	17091
2
1831	18002
1831	28235
2
1563	9839
1564	11099
2
1743	116806
1775	88380
2
1632	288071
1633	288910
3
2964	16
2964	22083
2964	67959
2
2118	171138
2244	291860
2
1584	5502
1603	53627
2
1964	38439
3037	37515
2
1563	177484
1564	187828
2
455	19157
3021	45721
2
1563	133507
1564	133567
2
90	2
90	7896
2
1917	16
1917	9342
2
1792	179063
1792	222827
2
1605	103437
1606	117546
2
1605	14324
1606	14414
2
1632	63404
1633	64144
2
1563	377434
1564	378597
2
1100	2
1100	9280
2
2968	46333
2969	36673
2
589	83929
591	5552
2
623	37168
624	39390
2
880	171539
881	59460
5
1100	57
1100	9335
1100	18759
1100	28238
1100	38053
4
2423	224
2423	15613
2423	45108
2424	240
3
1198	5121
1198	10240
1198	15278
2
455	93
3021	26866
2
1915	80739
1916	68161
2
409	240
3019	5827
2
735	15761
735	23823
2
1563	145423
1564	145350
2
880	134606
881	22572
2
589	84849
591	6471
2
1563	237760
1564	247013
2
100	99974
104	13630
2
595	28640
1545	968250
2
1719	2436
1730	2254
2
589	165289
591	86917
2
1632	45105
1633	45630
2
1563	184842
1564	194992
2
1563	261714
1564	270134
2
1857	12793
1858	8386
2
1563	225871
1564	235239
2
1545	925854
2874	133805
2
1789	7089
1790	6766
2
1632	423439
1633	424994
2
1582	27622
1602	143191
2
455	7207
3021	33790
2
1789	55352
1790	62144
2
1632	388643
1633	389982
2
1632	81216
1633	80646
2
1632	416355
1633	417872
2
1563	144421
1564	144347
2
2208	19407
2434	54510
2
1632	9444
1633	9599
2
1417	201
2351	100
2
409	4250
3019	9837
2
1632	165702
1633	165801
2
880	173467
881	61387
2
455	9584
3021	36178
2
1563	235945
1564	245203
2
1563	572626
1564	569377
2
2208	51781
2434	86895
2
1563	211738
1564	221530
2
279	15984
1383	121787
2
826	20273
2912	20327
2
880	144105
881	32068
2
1632	150392
1633	150429
2
592	93654
1644	441707
2
2431	70470
2432	190046
2
1774	58275
2868	58347
2
2208	16394
2434	51494
2
741	26405
2844	18164
2
880	181848
881	69724
2
880	157588
881	45538
2
564	5145907
2893	1744794
2
409	19832
3019	26344
2
880	175025
881	62940
2
1857	11746
1858	7339
2
594	137000
597	22718
2
98	106641
100	53980
2
2208	78434
2434	113567
2
413	4139862
789	71262
2
2964	20885
2964	44195
2
455	11992
3021	38583
2
1857	13393
1858	8987
2
265	17044
266	17013
2
409	11115
3019	17626
2
1915	54938
1916	42325
2
589	147918
591	69562
2
629	1285
3051	1285
2
1719	8405
1730	8235
2
1632	313996
1633	314944
2
1915	31104
1916	18510
2
1563	34537
1564	34981
2
1632	182901
1633	183067
2
2598	1357523
2599	738482
2
880	153252
881	41206
2
589	93689
591	15322
2
1915	97464
1916	85002
2
416	47495
418	55441
2
1563	126680
1564	126995
2
1632	251423
1633	252182
2
1632	118505
1633	118318
2
880	129066
881	17044
2
1632	273641
1633	274488
2
1563	240546
1564	249564
2
1632	159330
1633	159396
2
29	22391
30	22360
2
1632	330100
1633	331157
2
1789	14191
1790	13955
2
153	9321
155	29795
2
2431	77552
2432	197122
2
594	91269
596	3116
2
1563	151267
1564	151013
2
2967	664806
2967	699592
2
3009	59452
3009	66100
2
1426	1713647
2366	99480
4
1917	83
1917	9409
1917	18755
1917	27587
6
1917	723
1917	10049
1917	19395
1917	28228
1917	37379
1917	41401
2
1632	107145
1633	106678
2
1632	113922
1633	113478
2
2492	65627
2992	65877
2
1632	424626
1633	426184
2
1408	196363
1409	2740
2
1563	334794
1564	341341
2
1632	433413
1633	435030
2
623	40927
624	43148
2
1563	185468
1564	195619
2
880	177582
881	65498
2
2967	653974
2967	688763
2
1632	12059
1633	12209
2
1563	639233
1564	622511
26
1427	59362
1427	59437
1427	59512
1427	59587
1427	59662
1427	59737
1427	59812
1427	59887
1427	59962
1427	60037
1427	60112
1427	60187
1427	60262
1427	60337
1427	60412
1427	60487
1427	60562
1427	60637
1427	60712
1427	60787
1427	60862
1427	60937
1427	61012
1427	61087
1427	61162
1427	61237
2
1632	65377
1633	66126
2
1563	200873
1564	210814
2
1719	1003
1730	820
2
1605	95098
1606	105744
2
1791	113174
2958	115714
2
1563	323709
1564	330706
2
594	132057
597	17776
2
1563	495882
1564	502642
2
29	18360
30	18342
2
2208	82481
2434	117616
2
1582	9213
1591	118690
2
880	184957
881	72832
2
455	18468
3021	45034
2
826	27563
2912	27613
2
2208	40406
2434	75522
2
1743	152137
1754	146709
2
1743	60264
1754	54134
2
2431	44201
2432	163390
3
2423	28473
2423	43869
2423	57705
2
2423	28392
2423	43788
2
1743	197280
1754	192855
2
413	3142277
837	495284
2
1563	365453
1564	367165
2
1837	210849
1837	214748
2
1605	66772
1606	77153
2
595	67642
1545	1007193
2
1563	453058
1564	460831
2
595	59526
1545	999062
2
1915	38101
1916	25474
2
2967	657013
2967	691805
2
153	26054
155	46411
2
623	78548
624	80848
2
1802	5729
1803	66525
2
592	267089
1644	1180932
2
2967	686818
2967	721620
2
455	17414
3021	43980
2
2824	29030
2825	24106
2
2964	86572
2964	95417
2
413	5129279
1393	104314
2
413	2490541
837	356583
2
29	33231
30	33204
5
2423	281
2423	15670
2423	29755
2423	45165
2424	297
2
595	88976
1545	1028501
2
1480	6017
1630	43169
2
1563	636403
1564	619700
2
2596	89129
2995	88209
2
93	3
93	6794
2
1822	20384
1823	28649
2
595	88017
1545	1027544
2
153	15987
155	36471
2
1563	551557
1564	552873
2
741	17167
2844	8927
2
1632	93096
1633	92590
2
1563	380108
1564	381260
2
2071	11698
2072	21118
2
2396	975174
2862	1094651
2
1632	392172
1633	393508
2
153	27728
155	48075
2
2071	3961
2072	13381
4
1973	143419
1973	143653
1973	143887
1973	144121
2
279	2882
1383	108721
2
1563	460452
1564	467971
5
1973	136557
1973	136785
1973	137013
1973	137241
1973	137469
2
1605	30310
1606	30570
12
1973	132522
1973	132741
1973	132960
1973	133179
1973	134051
1973	134270
1973	134489
1973	134708
1973	134927
1973	135146
1973	135365
1973	135584
3
90	3
90	7897
90	23841
3
1831	5
1831	35734
1831	40126
2
1803	41459
2892	738111
2
1837	169508
1837	191059
2
2423	3
2423	44887
4
1100	5
1100	9283
1100	28186
1100	38001
2
1869	5413
1869	12018
2
1563	149137
1564	148875
2
2824	41800
2825	36910
2
1417	820
2351	719
2
1198	5119
1198	15276
2
2248	10268
2248	11276
3
1127	5
1127	11700
1127	24982
2
1563	86990
1564	86139
2
1915	57370
1916	44794
2
1632	89866
1633	89336
4
1101	227
1101	8939
1101	17277
1101	33700
2
2967	681749
2967	716556
2
2383	3
2383	16347
2
2966	362987
2966	364916
3
1100	3
1100	9281
1100	37999
2
2527	9184
2530	44189
2
1869	3
1869	6583
2
1563	420352
1564	420426
2
2208	72082
2434	107215
2
455	16059
3021	42624
2
2968	33390
2969	24848
2
1857	17644
1858	13235
2
1563	98409
1564	97352
2
2431	67953
2432	187532
2
1632	390499
1633	391833
2
1563	256000
1564	264432
2
1632	297980
1633	298838
2
2639	411
2640	415
2
1632	431025
1633	432638
2
413	5130060
1393	105099
2
413	5119960
1393	95181
2
1563	388753
1564	389667
2
1536	382599
1543	26360
2
153	11467
155	31958
2
2968	41916
2969	33379
2
1563	485565
1564	492506
2
1563	611885
1564	603614
2
2208	47602
2434	82716
2
1101	17052
1101	33475
2
1632	242697
1633	243363
2
1508	351079
1508	547449
2
1563	442867
1564	450878
5
2423	1730
2423	17124
2423	31196
2423	46619
2424	1751
2
880	168172
881	56097
2
1632	242088
1633	242752
2
2968	17153
2969	15299
2
1563	488872
1564	495788
2
880	166437
881	54367
2
409	18843
3019	25354
2
2208	20521
2434	55624
2
826	35423
2912	35467
2
1563	443883
1564	451896
2
2967	678120
2967	712927
2
880	119399
881	7387
2
1563	570715
1564	567473
2
592	231692
1644	1027045
2
880	121046
881	9031
2
2968	23646
2969	17998
2
1072	64370
1072	66151
2
2071	5056
2072	14476
2
1563	110003
1564	108745
